REVNUM:,NSMA WG16.99.050
REVDAT:,19990520
ANTMAN:,ANDREW CORPORATION
MODNUM:,UHX10-102
PATNUM:,3762
FEDORN:,RIGHT
DESCR1:,
DESCR2:,
DESCR3:,
DESCR4:,
DESCR5:,
DTDATA:,20010328
LOWFRQ:,10200
HGHFRQ:,10700
GUNITS:,DBI/DBR
LWGAIN:,46.7
MDGAIN:,46.8
HGGAIN:,46.9
AZWIDT:,0.8
ELWIDT:,0.8
ATVSWR:,1.1
FRTOBA:,80
ELTILT:,0
PATTYP:,ENVELOPE
NOFREQ:,NA
PATFRE:,NA
NUMCUT:,4
PATCUT:,AZ
POLARI:,H/H
NUPOIN:,26
-180.0,-80.0,
-101.0,-80.0,
-70.0,-62.0,
-46.0,-62.0,
-30.0,-58.0,
-25.0,-58.0,
-15.0,-52.0,
-12.0,-52.0,
-11.0,-49.0,
-8.0,-49.0,
-6.0,-37.0,
-1.5,-24.0,
-0.5,-2.0,
0.0,0.0,
0.5,-2.0,
1.5,-24.0,
2.5,-29.0,
3.0,-29.0,
5.0,-40.0,
8.5,-47.0,
15.0,-51.0,
19.0,-60.0,
35.0,-60.0,
90.0,-62.0,
95.0,-80.0,
180.0,-80.0,
PATCUT:,AZ
POLARI:,H/V
NUPOIN:,29
-180.0,-80.0,
-165.0,-80.0,
-165.0,-82.0,
-81.5,-82.0,
-70.0,-77.0,
-54.0,-73.0,
-20.0,-73.0,
-15.0,-69.0,
-12.0,-69.0,
-7.0,-62.0,
-6.0,-54.0,
-5.0,-54.0,
-4.0,-48.0,
-2.0,-44.0,
-1.0,-33.0,
0.0,-33.0,
1.0,-33.0,
3.5,-58.0,
6.0,-58.0,
12.5,-66.0,
15.0,-66.0,
25.0,-72.0,
40.0,-72.0,
50.0,-77.0,
70.0,-77.0,
76.5,-82.0,
170.0,-82.0,
170.0,-80.0,
180.0,-80.0,
PATCUT:,AZ
POLARI:,V/V
NUPOIN:,20
-180.0,-80.0,
-101.0,-80.0,
-45.0,-59.0,
-15.0,-52.0,
-7.5,-46.0,
-7.0,-39.0,
-1.5,-24.0,
-0.5,-2.0,
0.0,0.0,
0.5,-2.0,
1.5,-24.0,
2.0,-32.0,
3.0,-32.0,
3.9,-38.0,
13.5,-54.0,
15.0,-54.0,
27.5,-60.0,
67.0,-62.0,
90.0,-80.0,
180.0,-80.0,
PATCUT:,AZ
POLARI:,V/H
NUPOIN:,21
-180.0,-80.0,
-75.0,-80.0,
-70.0,-74.0,
-50.0,-74.0,
-40.0,-71.0,
-23.5,-71.0,
-15.0,-65.0,
-12.5,-65.0,
-6.0,-60.0,
-3.4,-60.0,
-1.0,-33.0,
0.0,-33.0,
1.0,-33.0,
3.0,-60.0,
4.1,-60.0,
10.0,-67.0,
15.0,-67.0,
18.5,-71.0,
64.0,-71.0,
80.0,-82.0,
180.0,-82.0,
ENDFIL:,EOF
