REVNUM:,NSMA WG16.99.050
REVDAT:,19990520
ANTMAN:,ANDREW CORPORATION
MODNUM:,P4-102
PATNUM:,3306
FEDORN:,NA
DESCR1:,
DESCR2:,
DESCR3:,
DESCR4:,
DESCR5:,
DTDATA:,19920212
LOWFRQ:,10200
HGHFRQ:,10700
GUNITS:,DBI/DBR
LWGAIN:,39.7
MDGAIN:,39.9
HGGAIN:,40.1
AZWIDT:,1.80
ELWIDT:,1.80
ATVSWR:,1.10
FRTOBA:,45.0
ELTILT:,0
PATTYP:,ENVELOPE
NOFREQ:,NA
PATFRE:,NA
NUMCUT:,4
PATCUT:,AZ
POLARI:,H/H
NUPOIN:,29
-180.00,-45.00,
-128.00,-45.00,
-111.50,-40.00,
-68.00,-40.00,
-60.00,-38.00,
-35.00,-38.00,
-15.00,-33.00,
-10.00,-33.00,
-7.50,-28.00,
-2.80,-20.00,
-2.00,-14.80,
-1.50,-10.00,
-1.00,-4.00,
-0.50,-1.00,
0.00,0.00,
0.50,-1.00,
1.00,-4.00,
1.50,-10.00,
2.00,-14.80,
2.80,-20.00,
7.50,-28.00,
10.00,-33.00,
15.00,-33.00,
35.00,-38.00,
60.00,-38.00,
68.00,-40.00,
111.50,-40.00,
128.00,-45.00,
180.00,-45.00,
PATCUT:,AZ
POLARI:,H/V
NUPOIN:,17
-180.00,-54.00,
-77.00,-54.00,
-57.00,-50.00,
-15.00,-50.00,
-11.00,-50.00,
-8.90,-44.00,
-2.00,-44.00,
-0.70,-30.00,
0.00,-30.00,
0.70,-30.00,
2.00,-44.00,
8.90,-44.00,
11.00,-50.00,
15.00,-50.00,
57.00,-50.00,
77.00,-54.00,
180.00,-54.00,
PATCUT:,AZ
POLARI:,V/V
NUPOIN:,31
-180.00,-45.00,
-115.00,-45.00,
-105.00,-41.00,
-45.00,-41.00,
-30.00,-35.00,
-15.00,-31.00,
-14.00,-29.00,
-10.00,-29.00,
-5.50,-22.80,
-5.00,-21.00,
-2.80,-20.00,
-2.00,-14.80,
-1.50,-10.00,
-1.00,-4.00,
-0.50,-1.00,
0.00,0.00,
0.50,-1.00,
1.00,-4.00,
1.50,-10.00,
2.00,-14.80,
2.80,-20.00,
5.00,-21.00,
5.50,-22.80,
10.00,-29.00,
14.00,-29.00,
15.00,-31.00,
30.00,-35.00,
45.00,-41.00,
105.00,-41.00,
115.00,-45.00,
180.00,-45.00,
PATCUT:,AZ
POLARI:,V/H
NUPOIN:,17
-180.00,-54.00,
-120.00,-54.00,
-70.00,-48.00,
-15.00,-48.00,
-9.70,-48.00,
-8.90,-44.00,
-2.00,-44.00,
-0.70,-30.00,
0.00,-30.00,
0.70,-30.00,
2.00,-44.00,
8.90,-44.00,
9.70,-48.00,
15.00,-48.00,
70.00,-48.00,
120.00,-54.00,
180.00,-54.00,
ENDFIL:,EOF
