REVNUM:,NSMA WG16.99.050
REVDAT:,19990520
ANTMAN:,ANDREW CORPORATION
MODNUM:,UHX10-102
PATNUM:,3348
FEDORN:,LEFT 
DESCR1:,
DESCR2:,
DESCR3:,
DESCR4:,
DESCR5:,
DTDATA:,19920213
LOWFRQ:,10200
HGHFRQ:,10700
GUNITS:,DBI/DBR
LWGAIN:,46.7
MDGAIN:,46.8
HGGAIN:,46.9
AZWIDT:,0.80
ELWIDT:,0.80
ATVSWR:,1.10
FRTOBA:,80.0
ELTILT:,0
PATTYP:,ENVELOPE
NOFREQ:,NA
PATFRE:,NA
NUMCUT:,4
PATCUT:,AZ
POLARI:,H/H
NUPOIN:,26
-180.00,-80.00,
-95.00,-80.00,
-90.00,-62.00,
-35.00,-60.00,
-19.00,-60.00,
-15.00,-51.00,
-8.50,-47.00,
-5.00,-40.00,
-3.00,-29.00,
-2.50,-29.00,
-1.50,-24.00,
-0.50,-2.00,
0.00,0.00,
0.50,-2.00,
1.50,-24.00,
6.00,-37.00,
8.00,-49.00,
11.00,-49.00,
12.00,-52.00,
15.00,-52.00,
25.00,-58.00,
30.00,-58.00,
46.00,-62.00,
70.00,-62.00,
101.00,-80.00,
180.00,-80.00,
PATCUT:,AZ
POLARI:,H/V
NUPOIN:,29
-180.00,-80.00,
-170.00,-80.00,
-170.00,-82.00,
-76.50,-82.00,
-70.00,-77.00,
-50.00,-77.00,
-40.00,-72.00,
-25.00,-72.00,
-15.00,-66.00,
-12.50,-66.00,
-6.00,-58.00,
-3.50,-58.00,
-1.00,-33.00,
0.00,-33.00,
1.00,-33.00,
2.00,-44.00,
4.00,-48.00,
5.00,-54.00,
6.00,-54.00,
7.00,-62.00,
12.00,-69.00,
15.00,-69.00,
20.00,-73.00,
54.00,-73.00,
70.00,-77.00,
81.50,-82.00,
165.00,-82.00,
165.00,-80.00,
180.00,-80.00,
PATCUT:,AZ
POLARI:,V/V
NUPOIN:,20
-180.00,-80.00,
-90.00,-80.00,
-67.00,-62.00,
-27.50,-60.00,
-15.00,-54.00,
-13.50,-54.00,
-3.90,-38.00,
-3.00,-32.00,
-2.00,-32.00,
-1.50,-24.00,
-0.50,-2.00,
0.00,0.00,
0.50,-2.00,
1.50,-24.00,
7.00,-39.00,
7.50,-46.00,
15.00,-52.00,
45.00,-59.00,
101.00,-80.00,
180.00,-80.00,
PATCUT:,AZ
POLARI:,V/H
NUPOIN:,21
-180.00,-82.00,
-80.00,-82.00,
-64.00,-71.00,
-18.50,-71.00,
-15.00,-67.00,
-10.00,-67.00,
-4.10,-60.00,
-3.00,-60.00,
-1.00,-33.00,
0.00,-33.00,
1.00,-33.00,
3.40,-60.00,
6.00,-60.00,
12.50,-65.00,
15.00,-65.00,
23.50,-71.00,
40.00,-71.00,
50.00,-74.00,
70.00,-74.00,
75.00,-80.00,
180.00,-80.00,
ENDFIL:,EOF
