REVNUM:,NSMA WG16.99.050
REVDAT:,19990520
ANTMAN:,ANDREW CORPORATION
MODNUM:,PX6-102
PATNUM:,3316
FEDORN:,NA
DESCR1:,
DESCR2:,
DESCR3:,
DESCR4:,
DESCR5:,
DTDATA:,19920212
LOWFRQ:,10200
HGHFRQ:,10700
GUNITS:,DBI/DBR
LWGAIN:,43.1
MDGAIN:,43.2
HGGAIN:,43.3
AZWIDT:,1.20
ELWIDT:,1.20
ATVSWR:,1.10
FRTOBA:,50.0
ELTILT:,0
PATTYP:,ENVELOPE
NOFREQ:,NA
PATFRE:,NA
NUMCUT:,4
PATCUT:,AZ
POLARI:,H/H
NUPOIN:,21
-180.0,-50.0,
-120.0,-50.0,
-100.0,-41.0,
-30.0,-41.0,
-26.0,-37.0,
-15.0,-33.0,
-3.9,-24.1,
-2.6,-18.0,
-1.0,-18.0,
-0.5,-1.3,
0.0,0.0,
0.5,-1.3,
1.0,-18.0,
2.6,-18.0,
3.9,-24.1,
15.0,-33.0,
26.0,-37.0,
30.0,-41.0,
100.0,-41.0,
120.0,-50.0,
180.0,-50.0,
PATCUT:,AZ
POLARI:,H/V
NUPOIN:,11
-180.0,-59.0,
-30.0,-59.0,
-15.0,-49.0,
-5.0,-35.0,
-3.1,-30.0,
0.0,-30.0,
3.1,-30.0,
5.0,-35.0,
15.0,-49.0,
30.0,-59.0,
180.0,-59.0,
PATCUT:,AZ
POLARI:,V/V
NUPOIN:,21
-180.0,-50.0,
-119.0,-50.0,
-105.0,-44.0,
-34.0,-44.0,
-15.0,-35.0,
-5.1,-25.0,
-2.6,-18.0,
-1.6,-18.0,
-1.0,-7.3,
-0.5,-1.3,
0.0,0.0,
0.5,-1.3,
1.0,-7.3,
1.6,-18.0,
2.6,-18.0,
5.1,-25.0,
15.0,-35.0,
34.0,-44.0,
105.0,-44.0,
119.0,-50.0,
180.0,-50.0,
PATCUT:,AZ
POLARI:,V/H
NUPOIN:,17
-180.0,-59.0,
-110.0,-59.0,
-100.0,-56.0,
-60.0,-54.0,
-15.0,-52.5,
-8.7,-39.0,
-4.9,-36.0,
-3.1,-30.0,
0.0,-30.0,
3.1,-30.0,
4.9,-36.0,
8.7,-39.0,
15.0,-52.5,
60.0,-54.0,
100.0,-56.0,
110.0,-59.0,
180.0,-59.0,
ENDFIL:,EOF
