REVNUM:,NSMA WG16.99.050
REVDAT:,19990520
ANTMAN:,ANDREW CORPORATION
MODNUM:,P8-102
PATNUM:,3732
FEDORN:,NA
DESCR1:,Provisional
DESCR2:,
DESCR3:,
DESCR4:,
DESCR5:,
DTDATA:,20010322
LOWFRQ:,10200
HGHFRQ:,10700
GUNITS:,DBI/DBR
LWGAIN:,45.4
MDGAIN:,45.5
HGGAIN:,45.6
AZWIDT:,0.90
ELWIDT:,0.90
ATVSWR:,1.10
FRTOBA:,52.0
ELTILT:,0
PATTYP:,ENVELOPE
NOFREQ:,NA
PATFRE:,NA
NUMCUT:,4
PATCUT:,AZ
POLARI:,H/H
NUPOIN:,33
-180.00,-52.00,
-170.00,-52.00,
-170.00,-55.00,
-123.10,-55.00,
-110.00,-45.00,
-55.00,-45.00,
-25.00,-41.00,
-15.00,-38.00,
-10.00,-31.00,
-8.00,-24.00,
-1.50,-22.00,
-1.00,-10.00,
-0.70,-6.00,
-0.50,-3.00,
-0.30,-0.90,
-0.15,-0.20,
0.00,0.00,
0.15,-0.20,
0.30,-0.90,
0.50,-3.00,
0.70,-6.00,
1.00,-10.00,
1.50,-22.00,
8.00,-24.00,
10.00,-31.00,
15.00,-38.00,
25.00,-41.00,
55.00,-45.00,
110.00,-45.00,
123.10,-55.00,
170.00,-55.00,
170.00,-52.00,
180.00,-52.00,
PATCUT:,AZ
POLARI:,H/V
NUPOIN:,13
-180.00,-55.00,
-15.00,-55.00,
-6.74,-55.00,
-5.50,-47.00,
-2.00,-46.00,
-1.00,-30.00,
0.00,-30.00,
1.00,-30.00,
2.00,-46.00,
5.50,-47.00,
6.74,-55.00,
15.00,-55.00,
180.00,-55.00,
PATCUT:,AZ
POLARI:,V/V
NUPOIN:,33
-180.00,-52.00,
-170.00,-52.00,
-170.00,-55.00,
-122.00,-55.00,
-111.50,-45.00,
-55.00,-45.00,
-25.00,-41.00,
-15.00,-38.00,
-10.00,-31.00,
-8.00,-24.00,
-1.50,-22.00,
-1.00,-10.00,
-0.70,-6.00,
-0.50,-3.00,
-0.30,-0.90,
-0.15,-0.20,
0.00,0.00,
0.15,-0.20,
0.30,-0.90,
0.50,-3.00,
0.70,-6.00,
1.00,-10.00,
1.50,-22.00,
8.00,-24.00,
10.00,-31.00,
15.00,-38.00,
25.00,-41.00,
55.00,-45.00,
111.50,-45.00,
122.00,-55.00,
170.00,-55.00,
170.00,-52.00,
180.00,-52.00,
PATCUT:,AZ
POLARI:,V/H
NUPOIN:,17
-180.00,-55.00,
-15.00,-55.00,
-10.10,-55.00,
-9.00,-54.00,
-6.00,-54.00,
-5.00,-51.00,
-2.00,-50.00,
-1.00,-30.00,
0.00,-30.00,
1.00,-30.00,
2.00,-50.00,
5.00,-51.00,
6.00,-54.00,
9.00,-54.00,
10.10,-55.00,
15.00,-55.00,
180.00,-55.00,
ENDFIL:,EOF
