REVNUM:,NSMA WG16.99.050
REVDAT:,19990520
ANTMAN:,ANDREW CORPORATION
MODNUM:,HP2-102
PATNUM:,3742
FEDORN:,NA
DESCR1:,Provisional
DESCR2:,
DESCR3:,
DESCR4:,
DESCR5:,
DTDATA:,20000213
LOWFRQ:,10200
HGHFRQ:,10700
GUNITS:,DBI/DBR
LWGAIN:,33.2
MDGAIN:,33.3
HGGAIN:,33.4
AZWIDT:,3.60
ELWIDT:,3.60
ATVSWR:,1.15
FRTOBA:,50.0
ELTILT:,0
PATTYP:,ENVELOPE
NOFREQ:,NA
PATFRE:,NA
NUMCUT:,4
PATCUT:,AZ
POLARI:,H/H
NUPOIN:,27
-180.00,-50.00,
-100.00,-50.00,
-60.00,-38.00,
-40.00,-30.00,
-15.00,-26.00,
-6.00,-18.00,
-4.00,-18.00,
-3.50,-11.00,
-2.50,-5.50,
-1.60,-2.80,
-1.30,-1.80,
-0.80,-0.70,
-0.40,-0.15,
0.00,0.00,
0.40,-0.15,
0.80,-0.70,
1.30,-1.80,
1.60,-2.80,
2.50,-5.50,
3.50,-11.00,
4.00,-18.00,
6.00,-18.00,
15.00,-26.00,
40.00,-30.00,
60.00,-38.00,
100.00,-50.00,
180.00,-50.00,
PATCUT:,AZ
POLARI:,H/V
NUPOIN:,15
-180.00,-50.00,
-100.00,-50.00,
-40.00,-40.00,
-20.00,-38.00,
-15.00,-38.00,
-6.00,-38.00,
-3.50,-30.00,
0.00,-30.00,
3.50,-30.00,
6.00,-38.00,
15.00,-38.00,
20.00,-38.00,
40.00,-40.00,
100.00,-50.00,
180.00,-50.00,
PATCUT:,AZ
POLARI:,V/V
NUPOIN:,27
-180.00,-50.00,
-100.00,-50.00,
-60.00,-38.00,
-40.00,-30.00,
-15.00,-26.00,
-6.00,-18.00,
-4.00,-18.00,
-3.50,-11.00,
-2.50,-5.50,
-1.60,-2.80,
-1.30,-1.80,
-0.80,-0.70,
-0.40,-0.15,
0.00,0.00,
0.40,-0.15,
0.80,-0.70,
1.30,-1.80,
1.60,-2.80,
2.50,-5.50,
3.50,-11.00,
4.00,-18.00,
6.00,-18.00,
15.00,-26.00,
40.00,-30.00,
60.00,-38.00,
100.00,-50.00,
180.00,-50.00,
PATCUT:,AZ
POLARI:,V/H
NUPOIN:,15
-180.00,-50.00,
-100.00,-50.00,
-40.00,-40.00,
-20.00,-38.00,
-15.00,-38.00,
-6.00,-38.00,
-3.50,-30.00,
0.00,-30.00,
3.50,-30.00,
6.00,-38.00,
15.00,-38.00,
20.00,-38.00,
40.00,-40.00,
100.00,-50.00,
180.00,-50.00,
ENDFIL:,EOF
