REVNUM:,NSMA WG16.99.050
REVDAT:,19990520
ANTMAN:,ANDREW CORPORATION
MODNUM:,HDX8-107
PATNUM:,3787
FEDORN:,RIGHT
DESCR1:,
DESCR2:,Dual Beam Antenna, Main; refer to RPE 3791 for Diversity.
DESCR3:,
DESCR4:,
DESCR5:,
DTDATA:,19960327
LOWFRQ:,10700
HGHFRQ:,11700
GUNITS:,DBI/DBR
LWGAIN:,47.6
MDGAIN:,47.9
HGGAIN:,48.1
AZWIDT:,0.80
ELWIDT:,0.80
ATVSWR:,1.10
FRTOBA:,78.0
ELTILT:,0
PATTYP:,ENVELOPE
NOFREQ:,NA
PATFRE:,NA
NUMCUT:,4
PATCUT:,AZ
POLARI:,H/H
NUPOIN:,55
-180.00,-76.00,
-100.00,-76.00,
-90.00,-70.00,
-80.00,-70.00,
-70.00,-54.00,
-30.00,-54.00,
-25.00,-52.00,
-15.00,-52.00,
-13.00,-52.00,
-12.00,-46.00,
-10.00,-46.00,
-9.00,-37.00,
-7.50,-37.00,
-7.00,-35.00,
-3.00,-35.00,
-2.00,-21.00,
-1.30,-21.00,
-1.10,-15.40,
-1.00,-12.80,
-0.80,-8.20,
-0.70,-6.30,
-0.60,-4.60,
-0.50,-3.20,
-0.40,-2.00,
-0.20,-0.50,
-0.10,-0.10,
0.00,0.00,
0.10,-0.10,
0.20,-0.50,
0.40,-2.00,
0.50,-3.20,
0.60,-4.60,
0.70,-6.30,
0.80,-8.20,
1.00,-12.80,
1.10,-15.40,
1.30,-21.00,
2.00,-21.00,
2.50,-30.00,
4.50,-32.00,
5.00,-34.00,
6.50,-34.00,
7.50,-41.00,
9.00,-41.00,
10.00,-47.00,
15.00,-47.00,
20.00,-47.00,
30.00,-53.00,
40.00,-55.00,
60.00,-55.00,
70.00,-59.00,
80.00,-70.00,
90.00,-70.00,
95.00,-76.00,
180.00,-76.00,
PATCUT:,AZ
POLARI:,H/V
NUPOIN:,35
-180.00,-80.00,
-80.00,-80.00,
-70.00,-76.00,
-65.00,-69.00,
-55.00,-69.00,
-45.00,-67.00,
-40.00,-62.00,
-25.00,-62.00,
-20.00,-59.00,
-15.00,-59.00,
-13.00,-59.00,
-12.50,-58.00,
-10.00,-58.00,
-8.00,-51.00,
-5.50,-51.00,
-4.50,-45.00,
-3.00,-45.00,
-2.00,-40.00,
-1.50,-26.00,
0.00,-26.00,
1.50,-26.00,
2.00,-39.00,
3.50,-56.00,
7.00,-56.00,
8.00,-60.00,
12.00,-60.00,
14.00,-64.00,
15.00,-64.00,
25.00,-64.00,
40.00,-71.00,
55.00,-71.00,
60.00,-74.00,
75.00,-74.00,
80.00,-80.00,
180.00,-80.00,
PATCUT:,AZ
POLARI:,V/V
NUPOIN:,59
-180.00,-76.00,
-100.00,-76.00,
-90.00,-69.00,
-80.00,-66.00,
-70.00,-60.00,
-60.00,-60.00,
-55.00,-58.00,
-45.00,-58.00,
-35.00,-51.00,
-15.00,-51.00,
-13.50,-51.00,
-12.00,-46.00,
-9.00,-46.00,
-8.00,-36.00,
-5.00,-34.00,
-3.00,-34.00,
-2.00,-23.50,
-1.50,-23.50,
-1.20,-18.40,
-1.10,-15.40,
-1.00,-12.80,
-0.80,-8.20,
-0.70,-6.30,
-0.60,-4.70,
-0.50,-3.20,
-0.40,-2.00,
-0.20,-0.50,
-0.10,-0.10,
0.00,0.00,
0.10,-0.10,
0.20,-0.50,
0.40,-2.00,
0.50,-3.20,
0.60,-4.70,
0.70,-6.30,
0.80,-8.20,
1.00,-12.80,
1.10,-15.40,
1.20,-18.40,
1.50,-23.50,
2.00,-23.50,
2.50,-32.00,
3.50,-32.00,
5.00,-36.00,
7.00,-36.00,
8.00,-41.00,
10.00,-41.00,
11.00,-47.00,
15.00,-47.00,
20.00,-47.00,
25.00,-51.00,
40.00,-51.00,
55.00,-54.00,
60.00,-58.00,
70.00,-58.00,
80.00,-66.00,
90.00,-66.00,
100.00,-76.00,
180.00,-76.00,
PATCUT:,AZ
POLARI:,V/H
NUPOIN:,36
-180.00,-80.00,
-90.00,-80.00,
-80.00,-72.00,
-75.00,-72.00,
-70.00,-62.00,
-30.00,-62.00,
-25.00,-59.00,
-15.00,-59.00,
-13.00,-59.00,
-12.00,-53.00,
-9.00,-53.00,
-7.00,-49.00,
-4.50,-49.00,
-3.50,-39.00,
-2.00,-39.00,
-1.50,-26.00,
0.00,-26.00,
1.50,-26.00,
2.00,-37.00,
2.50,-37.00,
3.50,-48.00,
4.50,-48.00,
6.50,-54.00,
8.00,-54.00,
10.00,-59.00,
12.50,-59.00,
15.00,-62.00,
25.00,-62.00,
30.00,-65.00,
45.00,-65.00,
50.00,-69.00,
60.00,-69.00,
65.00,-72.00,
75.00,-72.00,
80.00,-80.00,
180.00,-80.00,
ENDFIL:,EOF
