REVNUM:,NSMA WG16.99.050
REVDAT:,19990520
ANTMAN:,ANDREW CORPORATION
MODNUM:,PXL6-107
PATNUM:,3183C
FEDORN:,NA
DESCR1:,
DESCR2:,
DESCR3:,
DESCR4:,
DESCR5:,
DTDATA:,19711202
LOWFRQ:,10700
HGHFRQ:,11700
GUNITS:,DBI/DBR
LWGAIN:,43.6
MDGAIN:,44.0
HGGAIN:,44.4
AZWIDT:,1.00
ELWIDT:,1.00
ATVSWR:,1.08
FRTOBA:,49.0
ELTILT:,0
PATTYP:,ENVELOPE
NOFREQ:,NA
PATFRE:,NA
NUMCUT:,4
PATCUT:,AZ
POLARI:,H/H
NUPOIN:,27
-180.00,-49.00,
-177.50,-49.00,
-174.50,-55.00,
-122.50,-55.00,
-104.00,-42.00,
-26.50,-42.00,
-26.50,-38.50,
-15.00,-34.20,
-3.70,-25.00,
-2.50,-20.00,
-1.50,-18.00,
-1.00,-10.00,
-0.50,-2.40,
0.00,0.00,
0.50,-2.40,
1.00,-10.00,
1.50,-18.00,
2.50,-20.00,
3.70,-25.00,
15.00,-34.20,
26.50,-38.50,
26.50,-42.00,
104.00,-42.00,
122.50,-55.00,
174.50,-55.00,
177.50,-49.00,
180.00,-49.00,
PATCUT:,AZ
POLARI:,H/V
NUPOIN:,11
-180.00,-59.00,
-30.00,-59.00,
-15.00,-50.00,
-5.00,-36.00,
-3.00,-30.00,
0.00,-30.00,
3.00,-30.00,
5.00,-36.00,
15.00,-50.00,
30.00,-59.00,
180.00,-59.00,
PATCUT:,AZ
POLARI:,V/V
NUPOIN:,31
-180.00,-51.00,
-177.00,-51.00,
-170.50,-53.00,
-170.00,-55.00,
-122.50,-55.00,
-107.50,-45.00,
-32.50,-45.00,
-15.00,-36.00,
-8.00,-29.00,
-5.20,-25.30,
-4.50,-25.00,
-2.50,-20.00,
-1.50,-18.00,
-1.00,-10.00,
-0.50,-2.40,
0.00,0.00,
0.50,-2.40,
1.00,-10.00,
1.50,-18.00,
2.50,-20.00,
4.50,-25.00,
5.20,-25.30,
8.00,-29.00,
15.00,-36.00,
32.50,-45.00,
107.50,-45.00,
122.50,-55.00,
170.00,-55.00,
170.50,-53.00,
177.00,-51.00,
180.00,-51.00,
PATCUT:,AZ
POLARI:,V/H
NUPOIN:,13
-180.00,-59.00,
-25.00,-59.00,
-15.00,-54.60,
-8.70,-40.00,
-5.00,-37.00,
-2.50,-30.00,
0.00,-30.00,
2.50,-30.00,
5.00,-37.00,
8.70,-40.00,
15.00,-54.60,
25.00,-59.00,
180.00,-59.00,
ENDFIL:,EOF
