REVNUM:,NSMA WG16.99.050
REVDAT:,19990520
ANTMAN:,ANDREW CORPORATION
MODNUM:,VHP2-107
PATNUM:,4673
FEDORN:,NA
DESCR1:,
DESCR2:,
DESCR3:,
DESCR4:,
DESCR5:,
DTDATA:,20001011
LOWFRQ:,10700
HGHFRQ:,11700
GUNITS:,DBI/DBR
LWGAIN:,34.2
MDGAIN:,34.4
HGGAIN:,34.7
AZWIDT:,3.40
ELWIDT:,3.40
ATVSWR:,1.20
FRTOBA:,55.0
ELTILT:,0
PATTYP:,ENVELOPE
NOFREQ:,NA
PATFRE:,NA
NUMCUT:,4
PATCUT:,AZ
POLARI:,H/H
NUPOIN:,53
-180.00,-55.00,
-92.50,-55.00,
-75.00,-48.00,
-55.00,-32.00,
-26.00,-32.00,
-20.00,-32.00,
-15.00,-28.00,
-12.00,-24.00,
-10.00,-24.00,
-6.50,-20.00,
-5.00,-20.00,
-3.75,-19.90,
-3.51,-16.72,
-3.24,-13.20,
-2.99,-10.69,
-2.74,-8.60,
-2.50,-6.90,
-2.25,-5.48,
-2.00,-4.13,
-1.75,-3.11,
-1.50,-2.10,
-1.25,-1.42,
-1.00,-1.02,
-0.75,-0.47,
-0.51,-0.20,
-0.24,-0.07,
0.00,0.00,
0.24,-0.07,
0.51,-0.20,
0.75,-0.47,
1.00,-1.02,
1.25,-1.42,
1.50,-2.10,
1.75,-3.11,
2.00,-4.13,
2.25,-5.48,
2.50,-6.90,
2.74,-8.60,
2.99,-10.69,
3.24,-13.20,
3.51,-16.72,
3.75,-19.90,
5.00,-20.00,
6.50,-20.00,
10.00,-24.00,
12.00,-24.00,
15.00,-28.00,
20.00,-32.00,
26.00,-32.00,
55.00,-32.00,
75.00,-48.00,
92.50,-55.00,
180.00,-55.00,
PATCUT:,AZ
POLARI:,H/V
NUPOIN:,19
-180.00,-60.00,
-72.50,-60.00,
-53.00,-44.00,
-30.00,-44.00,
-30.00,-39.70,
-15.00,-39.70,
-10.00,-39.70,
-5.00,-37.00,
-3.50,-32.00,
0.00,-32.00,
3.50,-32.00,
5.00,-37.00,
10.00,-39.70,
15.00,-39.70,
30.00,-39.70,
30.00,-44.00,
53.00,-44.00,
72.50,-60.00,
180.00,-60.00,
PATCUT:,AZ
POLARI:,V/V
NUPOIN:,43
-180.00,-58.00,
-75.00,-58.00,
-65.00,-50.00,
-50.00,-39.00,
-40.00,-32.00,
-21.50,-32.00,
-20.00,-28.00,
-15.00,-28.00,
-13.00,-24.00,
-12.00,-24.00,
-10.00,-20.00,
-4.00,-20.00,
-3.74,-17.43,
-3.45,-14.25,
-3.00,-9.95,
-2.37,-5.79,
-1.78,-3.15,
-1.30,-1.56,
-0.86,-0.58,
-0.50,-0.14,
-0.24,0.00,
0.00,0.00,
0.24,0.00,
0.50,-0.14,
0.86,-0.58,
1.30,-1.56,
1.78,-3.15,
2.37,-5.79,
3.00,-9.95,
3.45,-14.25,
3.74,-17.43,
4.00,-20.00,
10.00,-20.00,
12.00,-24.00,
13.00,-24.00,
15.00,-28.00,
20.00,-28.00,
21.50,-32.00,
40.00,-32.00,
50.00,-39.00,
65.00,-50.00,
75.00,-58.00,
180.00,-58.00,
PATCUT:,AZ
POLARI:,V/H
NUPOIN:,21
-180.00,-60.00,
-80.00,-60.00,
-70.00,-54.00,
-60.00,-50.00,
-50.00,-44.00,
-30.00,-44.00,
-19.00,-40.00,
-15.00,-40.00,
-6.50,-40.00,
-4.00,-32.00,
0.00,-32.00,
4.00,-32.00,
6.50,-40.00,
15.00,-40.00,
19.00,-40.00,
30.00,-44.00,
50.00,-44.00,
60.00,-50.00,
70.00,-54.00,
80.00,-60.00,
180.00,-60.00,
ENDFIL:,EOF
