REVNUM:,NSMA WG16.99.050
REVDAT:,19990520
ANTMAN:,ANDREW CORPORATION
MODNUM:,HPX10-107
PATNUM:,3173C
FEDORN:,NA
DESCR1:,
DESCR2:,
DESCR3:,
DESCR4:,
DESCR5:,
DTDATA:,19711117
LOWFRQ:,10700
HGHFRQ:,11700
GUNITS:,DBI/DBR
LWGAIN:,47.9
MDGAIN:,48.3
HGGAIN:,48.6
AZWIDT:,0.70
ELWIDT:,0.70
ATVSWR:,1.06
FRTOBA:,70.0
ELTILT:,0
PATTYP:,ENVELOPE
NOFREQ:,NA
PATFRE:,NA
NUMCUT:,4
PATCUT:,AZ
POLARI:,H/H
NUPOIN:,27
-180.00,-70.00,
-100.00,-70.00,
-70.00,-50.00,
-62.00,-50.00,
-60.00,-49.00,
-45.00,-47.00,
-20.00,-47.00,
-15.00,-41.20,
-10.00,-33.20,
-3.00,-29.30,
-2.10,-20.10,
-1.00,-20.10,
-0.50,-7.00,
0.00,0.00,
0.50,-7.00,
1.00,-20.10,
2.10,-20.10,
3.00,-29.30,
10.00,-33.20,
15.00,-41.20,
20.00,-47.00,
45.00,-47.00,
60.00,-49.00,
62.00,-50.00,
70.00,-50.00,
100.00,-70.00,
180.00,-70.00,
PATCUT:,AZ
POLARI:,H/V
NUPOIN:,19
-180.00,-70.00,
-100.00,-70.00,
-70.00,-65.00,
-20.00,-65.00,
-15.00,-63.00,
-10.00,-55.20,
-3.00,-50.00,
-1.50,-35.00,
-1.50,-30.00,
0.00,-30.00,
1.50,-30.00,
1.50,-35.00,
3.00,-50.00,
10.00,-55.20,
15.00,-63.00,
20.00,-65.00,
70.00,-65.00,
100.00,-70.00,
180.00,-70.00,
PATCUT:,AZ
POLARI:,V/V
NUPOIN:,29
-180.00,-70.00,
-100.00,-70.00,
-70.00,-51.00,
-45.00,-51.00,
-45.00,-49.00,
-22.50,-49.00,
-20.00,-47.00,
-15.00,-41.20,
-10.00,-33.20,
-6.90,-28.00,
-2.90,-28.00,
-2.20,-21.00,
-1.10,-21.00,
-0.50,-7.00,
0.00,0.00,
0.50,-7.00,
1.10,-21.00,
2.20,-21.00,
2.90,-28.00,
6.90,-28.00,
10.00,-33.20,
15.00,-41.20,
20.00,-47.00,
22.50,-49.00,
45.00,-49.00,
45.00,-51.00,
70.00,-51.00,
100.00,-70.00,
180.00,-70.00,
PATCUT:,AZ
POLARI:,V/H
NUPOIN:,23
-180.00,-70.00,
-100.00,-70.00,
-70.00,-65.00,
-20.00,-65.00,
-15.00,-63.00,
-10.00,-52.00,
-8.50,-50.00,
-5.00,-45.00,
-3.50,-40.00,
-2.00,-35.00,
-2.00,-30.00,
0.00,-30.00,
2.00,-30.00,
2.00,-35.00,
3.50,-40.00,
5.00,-45.00,
8.50,-50.00,
10.00,-52.00,
15.00,-63.00,
20.00,-65.00,
70.00,-65.00,
100.00,-70.00,
180.00,-70.00,
ENDFIL:,EOF
