REVNUM:,NSMA WG16.99.050
REVDAT:,19990520
ANTMAN:,ANDREW CORPORATION
MODNUM:,HPX12-6511
PATNUM:,3033C
FEDORN:,NA
DESCR1:,
DESCR2:,
DESCR3:,
DESCR4:,
DESCR5:,
DTDATA:,19810819
LOWFRQ:,10700
HGHFRQ:,11700
GUNITS:,DBI/DBR
LWGAIN:,47.0
MDGAIN:,48.0
HGGAIN:,47.0
AZWIDT:,0.60
ELWIDT:,0.60
ATVSWR:,1.22
FRTOBA:,72.0
ELTILT:,0
PATTYP:,ENVELOPE
NOFREQ:,NA
PATFRE:,NA
NUMCUT:,4
PATCUT:,AZ
POLARI:,H/H
NUPOIN:,19
-180.00,-72.00,
-85.00,-72.00,
-70.00,-58.00,
-15.00,-39.20,
-2.00,-20.00,
-0.80,-16.00,
-0.70,-14.00,
-0.50,-10.00,
-0.10,-0.50,
0.00,0.00,
0.10,-0.50,
0.50,-10.00,
0.70,-14.00,
0.80,-16.00,
2.00,-20.00,
15.00,-39.20,
70.00,-58.00,
85.00,-72.00,
180.00,-72.00,
PATCUT:,AZ
POLARI:,H/V
NUPOIN:,13
-180.00,-72.00,
-85.00,-72.00,
-70.00,-66.00,
-15.00,-54.00,
-5.00,-42.00,
-1.90,-33.00,
0.00,-33.00,
1.90,-33.00,
5.00,-42.00,
15.00,-54.00,
70.00,-66.00,
85.00,-72.00,
180.00,-72.00,
PATCUT:,AZ
POLARI:,V/V
NUPOIN:,25
-180.00,-72.00,
-85.00,-72.00,
-75.00,-66.00,
-65.00,-54.00,
-30.00,-49.00,
-15.00,-34.00,
-7.50,-27.60,
-4.00,-26.00,
-3.00,-20.00,
-0.70,-14.00,
-0.50,-10.00,
-0.10,-0.50,
0.00,0.00,
0.10,-0.50,
0.50,-10.00,
0.70,-14.00,
3.00,-20.00,
4.00,-26.00,
7.50,-27.60,
15.00,-34.00,
30.00,-49.00,
65.00,-54.00,
75.00,-66.00,
85.00,-72.00,
180.00,-72.00,
PATCUT:,AZ
POLARI:,V/H
NUPOIN:,17
-180.00,-72.00,
-85.00,-72.00,
-75.00,-66.00,
-40.00,-58.00,
-20.00,-58.00,
-15.00,-55.00,
-12.00,-53.00,
-1.90,-33.00,
0.00,-33.00,
1.90,-33.00,
12.00,-53.00,
15.00,-55.00,
20.00,-58.00,
40.00,-58.00,
75.00,-66.00,
85.00,-72.00,
180.00,-72.00,
ENDFIL:,EOF
