REVNUM:,NSMA WG16.99.050
REVDAT:,19990520
ANTMAN:,ANDREW CORPORATION
MODNUM:,HDX8-107
PATNUM:,3793
FEDORN:,LEFT 
DESCR1:,
DESCR2:,Dual Beam Antenna, Diversity; refer to RPE 3789 for Main.
DESCR3:,
DESCR4:,
DESCR5:,
DTDATA:,19960327
LOWFRQ:,10700
HGHFRQ:,11700
GUNITS:,DBI/DBR
LWGAIN:,47.6
MDGAIN:,47.9
HGGAIN:,48.1
AZWIDT:,0.80
ELWIDT:,0.80
ATVSWR:,1.10
FRTOBA:,78.0
ELTILT:,0
PATTYP:,ENVELOPE
NOFREQ:,NA
PATFRE:,NA
NUMCUT:,4
PATCUT:,AZ
POLARI:,H/H
NUPOIN:,34
-180.00,-74.00,
-85.00,-74.00,
-75.00,-70.00,
-65.00,-58.00,
-63.00,-58.00,
-40.00,-52.00,
-25.00,-52.00,
-20.00,-49.00,
-15.00,-49.00,
-13.00,-49.00,
-12.00,-47.00,
-9.50,-47.00,
-8.00,-38.00,
-5.50,-38.00,
-4.00,-33.00,
-1.80,-23.00,
-1.25,-13.00,
0.00,-13.00,
1.25,-13.00,
1.80,-23.00,
4.00,-35.00,
6.50,-35.00,
7.50,-42.00,
11.50,-42.00,
13.00,-48.00,
15.00,-48.00,
25.00,-48.00,
35.00,-52.00,
50.00,-52.00,
55.00,-57.00,
70.00,-57.00,
75.00,-68.00,
85.00,-74.00,
180.00,-74.00,
PATCUT:,AZ
POLARI:,H/V
NUPOIN:,31
-180.00,-76.00,
-115.00,-76.00,
-110.00,-74.00,
-60.00,-74.00,
-55.00,-68.00,
-30.00,-68.00,
-25.00,-60.00,
-15.00,-51.00,
-11.50,-51.00,
-9.50,-44.00,
-6.50,-44.00,
-5.00,-41.00,
-3.00,-41.00,
-2.00,-39.00,
-1.25,-24.00,
0.00,-24.00,
1.25,-24.00,
2.00,-38.00,
3.50,-38.00,
5.00,-43.00,
7.00,-43.00,
8.00,-46.00,
11.50,-46.00,
13.00,-50.00,
15.00,-50.00,
30.00,-60.00,
40.00,-60.00,
50.00,-66.00,
70.00,-66.00,
80.00,-76.00,
180.00,-76.00,
PATCUT:,AZ
POLARI:,V/V
NUPOIN:,29
-180.00,-74.00,
-80.00,-74.00,
-70.00,-61.00,
-65.00,-57.00,
-55.00,-57.00,
-40.00,-50.00,
-30.00,-50.00,
-20.00,-45.00,
-15.00,-45.00,
-10.00,-45.00,
-8.00,-40.00,
-5.00,-40.00,
-3.50,-30.00,
-1.80,-30.00,
-1.25,-13.00,
0.00,-13.00,
1.25,-13.00,
2.00,-25.00,
4.00,-36.00,
8.00,-36.00,
10.50,-45.00,
12.50,-45.00,
13.50,-48.00,
15.00,-48.00,
25.00,-48.00,
45.00,-59.00,
70.00,-59.00,
80.00,-74.00,
180.00,-74.00,
PATCUT:,AZ
POLARI:,V/H
NUPOIN:,28
-180.00,-76.00,
-80.00,-76.00,
-70.00,-69.00,
-60.00,-65.00,
-35.00,-65.00,
-25.00,-59.00,
-15.00,-59.00,
-14.00,-59.00,
-12.50,-51.00,
-9.00,-51.00,
-8.00,-47.00,
-3.50,-47.00,
-2.00,-33.00,
-1.40,-20.00,
0.00,-20.00,
1.40,-20.00,
2.00,-34.00,
4.50,-34.00,
5.50,-48.00,
9.00,-48.00,
10.00,-57.00,
15.00,-57.00,
25.00,-60.00,
35.00,-60.00,
40.00,-63.00,
70.00,-63.00,
85.00,-76.00,
180.00,-76.00,
ENDFIL:,EOF
