REVNUM:,NSMA WG16.99.050
REVDAT:,19990520
ANTMAN:,ANDREW CORPORATION
MODNUM:,HP10-107
PATNUM:,3250F
FEDORN:,NA
DESCR1:,
DESCR2:,
DESCR3:,
DESCR4:,
DESCR5:,
DTDATA:,19900615
LOWFRQ:,10700
HGHFRQ:,11700
GUNITS:,DBI/DBR
LWGAIN:,47.9
MDGAIN:,48.3
HGGAIN:,48.6
AZWIDT:,0.70
ELWIDT:,0.70
ATVSWR:,1.06
FRTOBA:,70.0
ELTILT:,0
PATTYP:,ENVELOPE
NOFREQ:,NA
PATFRE:,NA
NUMCUT:,4
PATCUT:,AZ
POLARI:,H/H
NUPOIN:,21
-180.00,-70.00,
-100.00,-70.00,
-70.00,-50.00,
-20.00,-50.00,
-15.00,-49.00,
-1.00,-23.00,
-0.60,-10.00,
-0.50,-3.00,
-0.40,-2.00,
-0.30,-1.00,
0.00,0.00,
0.30,-1.00,
0.40,-2.00,
0.50,-3.00,
0.60,-10.00,
1.00,-23.00,
15.00,-49.00,
20.00,-50.00,
70.00,-50.00,
100.00,-70.00,
180.00,-70.00,
PATCUT:,AZ
POLARI:,H/V
NUPOIN:,17
-180.00,-70.00,
-100.00,-70.00,
-70.00,-57.00,
-10.00,-57.00,
-7.00,-42.00,
-5.00,-39.00,
-2.50,-39.00,
-2.50,-30.00,
0.00,-30.00,
2.50,-30.00,
2.50,-39.00,
5.00,-39.00,
7.00,-42.00,
10.00,-57.00,
70.00,-57.00,
100.00,-70.00,
180.00,-70.00,
PATCUT:,AZ
POLARI:,V/V
NUPOIN:,21
-180.00,-70.00,
-100.00,-70.00,
-70.00,-48.00,
-25.00,-48.00,
-18.00,-39.00,
-15.00,-39.00,
-1.00,-25.00,
-0.60,-10.00,
-0.40,-2.00,
-0.30,-1.00,
0.00,0.00,
0.30,-1.00,
0.40,-2.00,
0.60,-10.00,
1.00,-25.00,
15.00,-39.00,
18.00,-39.00,
25.00,-48.00,
70.00,-48.00,
100.00,-70.00,
180.00,-70.00,
PATCUT:,AZ
POLARI:,V/H
NUPOIN:,15
-180.00,-70.00,
-100.00,-70.00,
-70.00,-59.00,
-15.00,-59.00,
-11.50,-58.00,
-2.50,-36.00,
-2.50,-30.00,
0.00,-30.00,
2.50,-30.00,
2.50,-36.00,
11.50,-58.00,
15.00,-59.00,
70.00,-59.00,
100.00,-70.00,
180.00,-70.00,
ENDFIL:,EOF
