REVNUM:,NSMA WG16.99.050
REVDAT:,19990520
ANTMAN:,ANDREW CORPORATION
MODNUM:,HDX10-107
PATNUM:,2965
FEDORN:,LEFT
DESCR1:,
DESCR2:,Dual Beam Antenna, Main; refer to RPE 2966 for Diversity.
DESCR3:,
DESCR4:,
DESCR5:,
DTDATA:,19900115
LOWFRQ:,10700
HGHFRQ:,11700
GUNITS:,DBI/DBR
LWGAIN:,47.6
MDGAIN:,47.9
HGGAIN:,48.1
AZWIDT:,0.80
ELWIDT:,0.80
ATVSWR:,1.10
FRTOBA:,78.0
ELTILT:,0
PATTYP:,ENVELOPE
NOFREQ:,NA
PATFRE:,NA
NUMCUT:,4
PATCUT:,AZ
POLARI:,H/H
NUPOIN:,66
-180.00,-78.00,
-90.00,-78.00,
-80.00,-71.10,
-75.00,-70.50,
-70.00,-65.00,
-65.00,-60.10,
-58.90,-60.10,
-55.00,-56.90,
-48.30,-56.90,
-45.00,-56.60,
-32.50,-56.60,
-30.00,-54.70,
-19.40,-54.70,
-15.00,-51.50,
-11.00,-51.50,
-11.00,-51.40,
-9.40,-51.40,
-9.00,-49.50,
-8.00,-44.20,
-6.60,-44.20,
-6.00,-39.30,
-4.80,-39.30,
-4.00,-34.50,
-2.90,-34.50,
-2.00,-31.20,
-1.50,-25.60,
-1.10,-25.60,
-1.00,-22.60,
-0.80,-15.60,
-0.70,-11.80,
-0.60,-8.00,
-0.50,-5.20,
-0.40,-2.60,
-0.20,-1.30,
-0.10,-0.10,
0.00,0.00,
0.10,-0.10,
0.20,-0.70,
0.40,-1.80,
0.50,-4.00,
0.60,-6.30,
0.70,-9.70,
0.80,-13.40,
1.00,-17.90,
1.10,-21.70,
1.20,-25.60,
2.00,-25.60,
2.90,-36.20,
4.00,-36.20,
4.60,-40.00,
8.00,-40.00,
8.70,-48.00,
11.00,-48.00,
12.00,-51.00,
12.70,-52.60,
14.00,-52.60,
14.20,-53.30,
25.00,-53.30,
26.80,-55.20,
65.00,-55.20,
70.00,-57.00,
75.00,-64.20,
79.60,-71.70,
90.00,-71.70,
97.00,-78.00,
180.00,-78.00,
PATCUT:,AZ
POLARI:,H/V
NUPOIN:,47
-180.00,-80.00,
-137.20,-80.00,
-130.00,-78.90,
-77.00,-78.90,
-75.00,-75.90,
-63.90,-75.90,
-60.00,-75.10,
-55.00,-75.10,
-50.00,-71.80,
-40.60,-71.80,
-40.00,-71.60,
-32.30,-71.60,
-30.00,-69.70,
-25.00,-66.00,
-13.00,-66.00,
-12.00,-62.10,
-7.50,-62.10,
-7.00,-58.10,
-2.80,-58.10,
-2.00,-40.00,
-1.50,-40.00,
-1.00,-26.00,
0.00,-26.00,
1.00,-26.00,
1.50,-41.90,
2.00,-41.90,
3.00,-47.70,
4.00,-47.70,
4.50,-53.30,
8.00,-53.30,
8.50,-60.00,
13.00,-60.00,
13.00,-60.30,
20.00,-60.30,
23.50,-63.00,
30.00,-63.00,
35.00,-63.00,
40.00,-64.20,
43.80,-67.90,
50.00,-67.90,
53.30,-69.50,
65.00,-69.50,
70.00,-73.00,
74.40,-77.90,
80.00,-77.90,
88.90,-80.00,
180.00,-80.00,
PATCUT:,AZ
POLARI:,V/V
NUPOIN:,70
-180.00,-78.00,
-98.90,-78.00,
-90.00,-67.40,
-76.60,-67.40,
-75.00,-66.00,
-70.00,-59.80,
-57.60,-59.80,
-55.00,-57.30,
-50.00,-55.60,
-37.10,-55.60,
-35.00,-54.20,
-30.00,-54.10,
-21.10,-54.10,
-20.00,-52.80,
-13.10,-52.80,
-13.00,-52.40,
-10.50,-52.40,
-10.00,-50.50,
-8.90,-50.50,
-8.00,-44.70,
-6.70,-44.70,
-6.00,-40.20,
-4.90,-40.20,
-4.00,-39.20,
-3.00,-34.50,
-1.80,-34.50,
-1.50,-27.30,
-1.20,-27.30,
-1.10,-25.60,
-1.00,-22.60,
-0.80,-15.60,
-0.70,-11.80,
-0.60,-8.00,
-0.50,-5.20,
-0.40,-2.60,
-0.20,-1.30,
-0.10,-0.10,
0.00,0.00,
0.10,-0.10,
0.20,-0.70,
0.40,-1.80,
0.50,-4.00,
0.60,-6.30,
0.70,-9.70,
0.80,-13.40,
1.00,-17.90,
1.10,-21.70,
1.20,-27.30,
2.00,-27.30,
2.90,-38.00,
4.00,-38.00,
4.10,-39.10,
7.00,-39.10,
8.00,-39.30,
8.50,-48.40,
12.00,-48.40,
12.80,-54.30,
15.00,-54.30,
17.80,-55.10,
30.00,-55.10,
35.00,-55.30,
38.70,-60.60,
55.00,-60.60,
56.00,-62.30,
70.00,-62.30,
73.90,-67.20,
80.00,-67.20,
90.00,-70.60,
97.00,-78.00,
180.00,-78.00,
PATCUT:,AZ
POLARI:,V/H
NUPOIN:,43
-180.00,-80.00,
-124.90,-80.00,
-120.00,-79.70,
-79.70,-79.70,
-75.00,-75.30,
-70.00,-73.80,
-58.60,-73.80,
-55.00,-71.70,
-43.20,-71.70,
-40.00,-67.10,
-21.60,-67.10,
-20.00,-64.70,
-12.90,-64.70,
-12.00,-62.30,
-8.80,-62.30,
-8.00,-57.90,
-5.80,-57.90,
-5.00,-56.90,
-4.00,-53.70,
-3.00,-53.70,
-2.00,-38.20,
-1.50,-38.20,
-1.00,-26.00,
0.00,-26.00,
1.00,-26.00,
1.60,-40.40,
3.00,-40.40,
3.90,-52.80,
5.00,-52.80,
5.90,-55.80,
8.00,-55.80,
8.00,-56.30,
10.00,-56.30,
10.50,-61.00,
13.00,-61.00,
13.20,-62.90,
70.00,-62.90,
74.40,-72.90,
80.00,-72.90,
87.20,-79.00,
140.00,-79.00,
143.60,-80.00,
180.00,-80.00,
ENDFIL:,EOF
