REVNUM:,NSMA WG16.99.050
REVDAT:,19990520
ANTMAN:,ANDREW CORPORATION
MODNUM:,HPX8-107
PATNUM:,3175C
FEDORN:,NA
DESCR1:,
DESCR2:,
DESCR3:,
DESCR4:,
DESCR5:,
DTDATA:,19711117
LOWFRQ:,10700
HGHFRQ:,11700
GUNITS:,DBI/DBR
LWGAIN:,46.0
MDGAIN:,46.4
HGGAIN:,46.8
AZWIDT:,0.80
ELWIDT:,0.80
ATVSWR:,1.06
FRTOBA:,70.0
ELTILT:,0
PATTYP:,ENVELOPE
NOFREQ:,NA
PATFRE:,NA
NUMCUT:,4
PATCUT:,AZ
POLARI:,H/H
NUPOIN:,21
-180.00,-70.00,
-100.00,-70.00,
-70.00,-45.00,
-21.00,-45.00,
-15.00,-39.00,
-8.20,-30.00,
-3.60,-28.00,
-2.20,-20.00,
-1.00,-20.00,
-0.50,-5.00,
0.00,0.00,
0.50,-5.00,
1.00,-20.00,
2.20,-20.00,
3.60,-28.00,
8.20,-30.00,
15.00,-39.00,
21.00,-45.00,
70.00,-45.00,
100.00,-70.00,
180.00,-70.00,
PATCUT:,AZ
POLARI:,H/V
NUPOIN:,23
-180.00,-70.00,
-100.00,-70.00,
-71.00,-62.00,
-20.00,-62.00,
-15.00,-56.60,
-12.10,-53.40,
-8.50,-42.00,
-6.00,-39.00,
-3.80,-39.00,
-2.00,-34.00,
-2.00,-30.00,
0.00,-30.00,
2.00,-30.00,
2.00,-34.00,
3.80,-39.00,
6.00,-39.00,
8.50,-42.00,
12.10,-53.40,
15.00,-56.60,
20.00,-62.00,
71.00,-62.00,
100.00,-70.00,
180.00,-70.00,
PATCUT:,AZ
POLARI:,V/V
NUPOIN:,21
-180.00,-70.00,
-100.00,-70.00,
-70.00,-48.00,
-26.00,-48.00,
-15.00,-40.50,
-8.00,-31.00,
-3.50,-29.00,
-2.10,-23.00,
-1.10,-23.00,
-0.50,-5.00,
0.00,0.00,
0.50,-5.00,
1.10,-23.00,
2.10,-23.00,
3.50,-29.00,
8.00,-31.00,
15.00,-40.50,
26.00,-48.00,
70.00,-48.00,
100.00,-70.00,
180.00,-70.00,
PATCUT:,AZ
POLARI:,V/H
NUPOIN:,19
-180.00,-70.00,
-100.00,-70.00,
-71.00,-62.00,
-20.00,-62.00,
-15.00,-60.00,
-7.80,-41.00,
-5.00,-41.00,
-2.00,-32.00,
-2.00,-30.00,
0.00,-30.00,
2.00,-30.00,
2.00,-32.00,
5.00,-41.00,
7.80,-41.00,
15.00,-60.00,
20.00,-62.00,
71.00,-62.00,
100.00,-70.00,
180.00,-70.00,
ENDFIL:,EOF
