REVNUM:,NSMA WG16.99.050
REVDAT:,19990520
ANTMAN:,ANDREW CORPORATION
MODNUM:,HDX10-107
PATNUM:,2966
FEDORN:,LEFT
DESCR1:,
DESCR2:,Dual Beam Antenna, Diversity; refer to RPE 2965 for Main.
DESCR3:,
DESCR4:,
DESCR5:,
DTDATA:,19900115
LOWFRQ:,10700
HGHFRQ:,11700
GUNITS:,DBI/DBR
LWGAIN:,47.6
MDGAIN:,47.9
HGGAIN:,48.1
AZWIDT:,0.80
ELWIDT:,0.80
ATVSWR:,1.10
FRTOBA:,78.0
ELTILT:,0
PATTYP:,ENVELOPE
NOFREQ:,NA
PATFRE:,NA
NUMCUT:,4
PATCUT:,AZ
POLARI:,H/H
NUPOIN:,52
-180.00,-76.00,
-140.00,-76.00,
-130.00,-75.40,
-84.30,-75.40,
-80.00,-73.50,
-75.00,-71.60,
-70.00,-67.60,
-65.00,-60.20,
-53.10,-60.20,
-50.00,-59.10,
-45.00,-57.80,
-40.00,-56.50,
-35.00,-54.30,
-22.80,-54.30,
-20.00,-51.00,
-12.30,-51.00,
-12.00,-49.10,
-8.90,-49.10,
-8.00,-42.40,
-6.40,-42.40,
-6.00,-41.50,
-5.00,-41.50,
-4.00,-36.30,
-3.00,-36.30,
-2.00,-30.90,
-1.50,-25.00,
-0.70,-12.00,
0.00,-12.00,
0.70,-12.00,
1.50,-25.00,
2.00,-33.60,
3.00,-33.60,
3.50,-39.60,
6.00,-39.60,
7.00,-43.20,
7.50,-46.50,
11.00,-46.50,
12.00,-51.80,
12.30,-52.10,
25.00,-52.10,
26.90,-54.40,
50.00,-54.40,
54.70,-55.80,
65.00,-55.80,
70.00,-56.70,
75.00,-64.30,
80.00,-66.20,
88.40,-74.60,
100.00,-74.60,
110.00,-74.60,
112.90,-76.00,
180.00,-76.00,
PATCUT:,AZ
POLARI:,H/V
NUPOIN:,47
-180.00,-76.00,
-140.00,-76.00,
-114.40,-76.00,
-110.00,-73.20,
-70.30,-73.20,
-70.00,-73.00,
-56.20,-73.00,
-55.00,-71.60,
-41.80,-71.60,
-40.00,-70.60,
-30.90,-70.60,
-30.00,-69.60,
-21.90,-69.60,
-20.00,-69.00,
-14.60,-69.00,
-14.00,-65.80,
-12.80,-65.80,
-12.00,-61.20,
-5.80,-61.20,
-5.00,-57.40,
-2.90,-57.40,
-2.00,-43.00,
-1.20,-43.00,
-0.70,-22.00,
0.00,-22.00,
0.70,-22.00,
1.50,-39.30,
2.00,-39.30,
2.80,-49.60,
4.00,-49.60,
4.90,-55.00,
6.00,-55.00,
6.90,-58.90,
8.00,-58.90,
8.30,-60.80,
13.00,-60.80,
13.30,-61.50,
25.00,-61.50,
28.70,-63.10,
35.00,-63.10,
40.00,-64.90,
45.00,-67.30,
45.50,-67.50,
70.00,-67.50,
75.00,-75.00,
77.90,-76.00,
180.00,-76.00,
PATCUT:,AZ
POLARI:,V/V
NUPOIN:,48
-180.00,-76.00,
-93.40,-76.00,
-90.00,-74.70,
-74.20,-74.70,
-70.00,-63.30,
-63.80,-63.30,
-60.00,-60.30,
-53.90,-60.30,
-50.00,-60.00,
-45.00,-57.10,
-38.40,-57.10,
-35.00,-54.30,
-23.80,-54.30,
-20.00,-49.20,
-8.80,-49.20,
-8.00,-43.70,
-5.00,-43.70,
-5.00,-43.60,
-4.00,-37.80,
-3.00,-37.80,
-2.00,-35.00,
-1.30,-35.00,
-0.70,-12.00,
0.00,-12.00,
0.70,-12.00,
1.60,-25.00,
2.00,-38.30,
3.00,-38.30,
3.30,-40.60,
7.00,-40.60,
8.00,-45.40,
8.20,-47.10,
11.00,-47.10,
12.00,-50.60,
12.30,-52.00,
25.00,-52.00,
27.40,-56.00,
35.00,-56.00,
40.00,-57.30,
41.80,-59.90,
50.00,-59.90,
51.10,-60.80,
70.00,-60.80,
75.00,-69.10,
79.00,-73.80,
90.00,-73.80,
92.40,-76.00,
180.00,-76.00,
PATCUT:,AZ
POLARI:,V/H
NUPOIN:,45
-180.00,-78.60,
-130.00,-78.60,
-120.00,-77.60,
-77.70,-77.60,
-75.00,-74.60,
-69.40,-74.60,
-65.00,-69.50,
-41.40,-69.50,
-40.00,-68.00,
-31.50,-68.00,
-30.00,-67.80,
-22.10,-67.80,
-20.00,-66.00,
-13.60,-66.00,
-13.00,-64.60,
-12.00,-60.10,
-10.40,-60.10,
-10.00,-59.80,
-7.90,-59.80,
-7.00,-55.40,
-4.90,-55.40,
-4.00,-53.10,
-3.00,-51.50,
-2.00,-34.80,
-1.40,-34.80,
-1.00,-22.00,
0.00,-22.00,
1.00,-22.00,
1.40,-35.20,
4.00,-35.20,
4.80,-54.60,
7.00,-54.60,
7.90,-61.90,
20.00,-61.90,
21.90,-62.90,
30.00,-62.90,
32.80,-65.10,
65.00,-65.10,
70.00,-65.10,
73.90,-73.10,
80.00,-73.10,
85.20,-77.10,
140.00,-77.10,
145.70,-78.60,
180.00,-78.60,
ENDFIL:,EOF
