REVNUM:,NSMA WG16.99.050
REVDAT:,19990520
ANTMAN:,ANDREW CORPORATION
MODNUM:,PXL8-107
PATNUM:,3185C
FEDORN:,NA
DESCR1:,
DESCR2:,
DESCR3:,
DESCR4:,
DESCR5:,
DTDATA:,19711206
LOWFRQ:,10700
HGHFRQ:,11700
GUNITS:,DBI/DBR
LWGAIN:,46.0
MDGAIN:,46.4
HGGAIN:,46.8
AZWIDT:,0.80
ELWIDT:,0.80
ATVSWR:,1.06
FRTOBA:,50.0
ELTILT:,0
PATTYP:,ENVELOPE
NOFREQ:,NA
PATFRE:,NA
NUMCUT:,4
PATCUT:,AZ
POLARI:,H/H
NUPOIN:,25
-180.00,-50.00,
-176.50,-50.00,
-173.00,-58.00,
-120.00,-58.00,
-105.00,-45.00,
-21.00,-45.00,
-15.00,-39.00,
-8.50,-30.00,
-3.50,-28.00,
-2.20,-20.00,
-1.00,-20.00,
-0.50,-5.00,
0.00,0.00,
0.50,-5.00,
1.00,-20.00,
2.20,-20.00,
3.50,-28.00,
8.50,-30.00,
15.00,-39.00,
21.00,-45.00,
105.00,-45.00,
120.00,-58.00,
173.00,-58.00,
176.50,-50.00,
180.00,-50.00,
PATCUT:,AZ
POLARI:,H/V
NUPOIN:,19
-180.00,-62.00,
-20.00,-62.00,
-15.00,-56.50,
-12.10,-53.40,
-8.50,-42.00,
-6.00,-39.00,
-4.00,-39.00,
-2.00,-34.00,
-2.00,-30.00,
0.00,-30.00,
2.00,-30.00,
2.00,-34.00,
4.00,-39.00,
6.00,-39.00,
8.50,-42.00,
12.10,-53.40,
15.00,-56.50,
20.00,-62.00,
180.00,-62.00,
PATCUT:,AZ
POLARI:,V/V
NUPOIN:,31
-180.00,-50.00,
-176.50,-50.00,
-173.50,-57.00,
-120.00,-57.00,
-109.80,-47.00,
-102.50,-47.00,
-100.00,-48.00,
-26.00,-48.00,
-15.00,-40.40,
-8.30,-31.20,
-3.60,-29.30,
-2.20,-23.00,
-1.20,-23.00,
-1.00,-20.00,
-0.50,-5.00,
0.00,0.00,
0.50,-5.00,
1.00,-20.00,
1.20,-23.00,
2.20,-23.00,
3.60,-29.30,
8.30,-31.20,
15.00,-40.40,
26.00,-48.00,
100.00,-48.00,
102.50,-47.00,
109.80,-47.00,
120.00,-57.00,
173.50,-57.00,
176.50,-50.00,
180.00,-50.00,
PATCUT:,AZ
POLARI:,V/H
NUPOIN:,17
-180.00,-62.00,
-20.00,-62.00,
-15.00,-60.20,
-10.00,-46.70,
-7.90,-41.00,
-5.00,-41.00,
-2.00,-32.00,
-2.00,-30.00,
0.00,-30.00,
2.00,-30.00,
2.00,-32.00,
5.00,-41.00,
7.90,-41.00,
10.00,-46.70,
15.00,-60.20,
20.00,-62.00,
180.00,-62.00,
ENDFIL:,EOF
