REVNUM:,NSMA WG16.99.050
REVDAT:,19990520
ANTMAN:,ANDREW CORPORATION
MODNUM:,PX4-122
PATNUM:,3211C
FEDORN:,NA
DESCR1:,
DESCR2:,
DESCR3:,
DESCR4:,
DESCR5:,
DTDATA:,19731217
LOWFRQ:,12200
HGHFRQ:,12700
GUNITS:,DBI/DBR
LWGAIN:,40.5
MDGAIN:,40.7
HGGAIN:,40.9
AZWIDT:,1.40
ELWIDT:,1.40
ATVSWR:,1.10
FRTOBA:,52.0
ELTILT:,0
PATTYP:,ENVELOPE
NOFREQ:,NA
PATFRE:,NA
NUMCUT:,4
PATCUT:,AZ
POLARI:,H/H
NUPOIN:,27
-180.00,-52.00,
-175.00,-52.00,
-170.00,-55.00,
-125.00,-55.00,
-104.50,-40.00,
-60.00,-40.00,
-15.00,-29.70,
-10.00,-25.00,
-3.70,-19.00,
-1.70,-19.00,
-1.50,-14.00,
-1.00,-4.00,
-0.50,-0.90,
0.00,0.00,
0.50,-0.90,
1.00,-4.00,
1.50,-14.00,
1.70,-19.00,
3.70,-19.00,
10.00,-25.00,
15.00,-29.70,
60.00,-40.00,
104.50,-40.00,
125.00,-55.00,
170.00,-55.00,
175.00,-52.00,
180.00,-52.00,
PATCUT:,AZ
POLARI:,H/V
NUPOIN:,17
-180.00,-52.00,
-175.00,-52.00,
-170.00,-55.00,
-20.00,-55.00,
-15.00,-47.30,
-10.00,-40.00,
-4.00,-40.00,
-1.00,-25.00,
0.00,-25.00,
1.00,-25.00,
4.00,-40.00,
10.00,-40.00,
15.00,-47.30,
20.00,-55.00,
170.00,-55.00,
175.00,-52.00,
180.00,-52.00,
PATCUT:,AZ
POLARI:,V/V
NUPOIN:,31
-180.00,-52.00,
-175.00,-52.00,
-170.00,-55.00,
-120.00,-55.00,
-104.50,-42.00,
-85.00,-42.00,
-80.50,-48.00,
-65.50,-48.00,
-15.00,-29.70,
-8.20,-27.00,
-3.00,-19.00,
-1.70,-19.00,
-1.50,-14.00,
-1.00,-4.00,
-0.50,-0.90,
0.00,0.00,
0.50,-0.90,
1.00,-4.00,
1.50,-14.00,
1.70,-19.00,
3.00,-19.00,
8.20,-27.00,
15.00,-29.70,
65.50,-48.00,
80.50,-48.00,
85.00,-42.00,
104.50,-42.00,
120.00,-55.00,
170.00,-55.00,
175.00,-52.00,
180.00,-52.00,
PATCUT:,AZ
POLARI:,V/H
NUPOIN:,15
-180.00,-52.00,
-175.00,-52.00,
-170.00,-55.00,
-20.00,-55.00,
-15.00,-48.00,
-4.00,-48.00,
-1.00,-25.00,
0.00,-25.00,
1.00,-25.00,
4.00,-48.00,
15.00,-48.00,
20.00,-55.00,
170.00,-55.00,
175.00,-52.00,
180.00,-52.00,
ENDFIL:,EOF
