REVNUM:,NSMA WG16.99.050
REVDAT:,19990520
ANTMAN:,ANDREW CORPORATION
MODNUM:,PX10-122
PATNUM:,3217C
FEDORN:,NA
DESCR1:,
DESCR2:,
DESCR3:,
DESCR4:,
DESCR5:,
DTDATA:,19730521
LOWFRQ:,12200
HGHFRQ:,12700
GUNITS:,DBI/DBR
LWGAIN:,48.4
MDGAIN:,48.5
HGGAIN:,48.7
AZWIDT:,0.60
ELWIDT:,0.60
ATVSWR:,1.10
FRTOBA:,57.0
ELTILT:,0
PATTYP:,ENVELOPE
NOFREQ:,NA
PATFRE:,NA
NUMCUT:,4
PATCUT:,AZ
POLARI:,H/H
NUPOIN:,27
-180.00,-57.00,
-175.00,-57.00,
-175.00,-70.00,
-114.00,-70.00,
-100.00,-52.00,
-60.00,-52.00,
-50.00,-48.00,
-20.00,-48.00,
-15.00,-40.00,
-7.00,-28.00,
-3.00,-28.00,
-1.00,-24.00,
-0.50,-8.00,
0.00,0.00,
0.50,-8.00,
1.00,-24.00,
3.00,-28.00,
7.00,-28.00,
15.00,-40.00,
20.00,-48.00,
50.00,-48.00,
60.00,-52.00,
100.00,-52.00,
114.00,-70.00,
175.00,-70.00,
175.00,-57.00,
180.00,-57.00,
PATCUT:,AZ
POLARI:,H/V
NUPOIN:,23
-180.00,-57.00,
-175.00,-57.00,
-175.00,-70.00,
-89.50,-70.00,
-60.00,-64.00,
-20.00,-64.00,
-15.00,-56.00,
-10.00,-54.00,
-8.00,-44.00,
-3.00,-44.00,
-1.00,-30.00,
0.00,-30.00,
1.00,-30.00,
3.00,-44.00,
8.00,-44.00,
10.00,-54.00,
15.00,-56.00,
20.00,-64.00,
60.00,-64.00,
89.50,-70.00,
175.00,-70.00,
175.00,-57.00,
180.00,-57.00,
PATCUT:,AZ
POLARI:,V/V
NUPOIN:,25
-180.00,-57.00,
-175.00,-57.00,
-175.00,-70.00,
-114.00,-70.00,
-100.00,-52.00,
-50.00,-52.00,
-20.00,-47.00,
-15.00,-40.00,
-7.00,-30.00,
-3.00,-30.00,
-1.00,-24.00,
-0.50,-8.00,
0.00,0.00,
0.50,-8.00,
1.00,-24.00,
3.00,-30.00,
7.00,-30.00,
15.00,-40.00,
20.00,-47.00,
50.00,-52.00,
100.00,-52.00,
114.00,-70.00,
175.00,-70.00,
175.00,-57.00,
180.00,-57.00,
PATCUT:,AZ
POLARI:,V/H
NUPOIN:,19
-180.00,-57.00,
-175.00,-57.00,
-175.00,-70.00,
-89.50,-70.00,
-60.00,-64.00,
-12.10,-64.00,
-8.00,-40.00,
-3.00,-40.00,
-1.00,-30.00,
0.00,-30.00,
1.00,-30.00,
3.00,-40.00,
8.00,-40.00,
12.10,-64.00,
60.00,-64.00,
89.50,-70.00,
175.00,-70.00,
175.00,-57.00,
180.00,-57.00,
ENDFIL:,EOF
