REVNUM:,NSMA WG16.99.050
REVDAT:,19990520
ANTMAN:,ANDREW CORPORATION
MODNUM:,HPX12-122
PATNUM:,3234C
FEDORN:,NA
DESCR1:,
DESCR2:,
DESCR3:,
DESCR4:,
DESCR5:,
DTDATA:,19750801
LOWFRQ:,12200
HGHFRQ:,12700
GUNITS:,DBI/DBR
LWGAIN:,50.5
MDGAIN:,50.6
HGGAIN:,50.8
AZWIDT:,0.50
ELWIDT:,0.50
ATVSWR:,1.10
FRTOBA:,71.0
ELTILT:,0
PATTYP:,ENVELOPE
NOFREQ:,NA
PATFRE:,NA
NUMCUT:,4
PATCUT:,AZ
POLARI:,H/H
NUPOIN:,29
-180.00,-71.00,
-100.00,-71.00,
-75.00,-46.00,
-30.00,-46.00,
-30.00,-45.00,
-15.00,-40.00,
-8.00,-30.00,
-6.50,-27.00,
-5.00,-27.00,
-5.00,-25.00,
-2.00,-20.00,
-0.90,-20.00,
-0.50,-5.00,
-0.50,-2.00,
0.00,0.00,
0.50,-2.00,
0.50,-5.00,
0.90,-20.00,
2.00,-20.00,
5.00,-25.00,
5.00,-27.00,
6.50,-27.00,
8.00,-30.00,
15.00,-40.00,
30.00,-45.00,
30.00,-46.00,
75.00,-46.00,
100.00,-71.00,
180.00,-71.00,
PATCUT:,AZ
POLARI:,H/V
NUPOIN:,17
-180.00,-71.00,
-100.00,-71.00,
-75.00,-55.00,
-20.00,-55.00,
-15.00,-52.00,
-5.00,-42.00,
-2.50,-30.00,
-1.50,-25.00,
0.00,-25.00,
1.50,-25.00,
2.50,-30.00,
5.00,-42.00,
15.00,-52.00,
20.00,-55.00,
75.00,-55.00,
100.00,-71.00,
180.00,-71.00,
PATCUT:,AZ
POLARI:,V/V
NUPOIN:,29
-180.00,-71.00,
-100.00,-71.00,
-75.00,-46.00,
-30.00,-46.00,
-30.00,-45.00,
-15.00,-40.00,
-8.00,-30.00,
-6.50,-27.00,
-5.00,-27.00,
-5.00,-25.00,
-2.00,-20.00,
-0.90,-20.00,
-0.50,-5.00,
-0.50,-2.00,
0.00,0.00,
0.50,-2.00,
0.50,-5.00,
0.90,-20.00,
2.00,-20.00,
5.00,-25.00,
5.00,-27.00,
6.50,-27.00,
8.00,-30.00,
15.00,-40.00,
30.00,-45.00,
30.00,-46.00,
75.00,-46.00,
100.00,-71.00,
180.00,-71.00,
PATCUT:,AZ
POLARI:,V/H
NUPOIN:,17
-180.00,-71.00,
-100.00,-71.00,
-75.00,-55.00,
-20.00,-55.00,
-15.00,-52.00,
-5.00,-42.00,
-2.50,-30.00,
-1.50,-25.00,
0.00,-25.00,
1.50,-25.00,
2.50,-30.00,
5.00,-42.00,
15.00,-52.00,
20.00,-55.00,
75.00,-55.00,
100.00,-71.00,
180.00,-71.00,
ENDFIL:,EOF
