REVNUM:,NSMA WG16.99.050
REVDAT:,19990520
ANTMAN:,ANDREW CORPORATION
MODNUM:,P8-122
PATNUM:,1286E
FEDORN:,NA
DESCR1:,
DESCR2:,
DESCR3:,
DESCR4:,
DESCR5:,
DTDATA:,19971010
LOWFRQ:,12200
HGHFRQ:,13250
GUNITS:,DBI/DBR
LWGAIN:,47.2
MDGAIN:,47.6
HGGAIN:,47.9
AZWIDT:,0.70
ELWIDT:,0.70
ATVSWR:,1.08
FRTOBA:,59.0
ELTILT:,0
PATTYP:,ENVELOPE
NOFREQ:,NA
PATFRE:,NA
NUMCUT:,4
PATCUT:,AZ
POLARI:,H/H
NUPOIN:,27
-180.00,-59.00,
-117.90,-59.00,
-106.50,-48.00,
-40.00,-48.00,
-20.00,-45.00,
-15.00,-45.00,
-11.00,-45.00,
-8.50,-39.00,
-6.00,-39.00,
-3.50,-27.00,
-1.50,-25.00,
-1.00,-8.00,
-0.50,-3.00,
0.00,0.00,
0.50,-3.00,
1.00,-8.00,
1.50,-25.00,
3.50,-27.00,
6.00,-39.00,
8.50,-39.00,
11.00,-45.00,
15.00,-45.00,
20.00,-45.00,
40.00,-48.00,
106.50,-48.00,
117.90,-59.00,
180.00,-59.00,
PATCUT:,AZ
POLARI:,H/V
NUPOIN:,15
-180.00,-59.00,
-22.83,-59.00,
-15.00,-57.00,
-7.51,-57.00,
-3.50,-43.00,
-1.80,-42.00,
-1.00,-30.00,
0.00,-30.00,
1.00,-30.00,
1.80,-42.00,
3.50,-43.00,
7.51,-57.00,
15.00,-57.00,
22.83,-59.00,
180.00,-59.00,
PATCUT:,AZ
POLARI:,V/V
NUPOIN:,29
-180.00,-59.00,
-119.40,-59.00,
-107.50,-49.00,
-61.23,-49.00,
-40.00,-48.00,
-20.00,-46.00,
-15.00,-40.00,
-13.00,-37.90,
-10.00,-37.90,
-6.50,-31.90,
-3.00,-31.90,
-1.50,-25.00,
-1.00,-8.00,
-0.50,-3.00,
0.00,0.00,
0.50,-3.00,
1.00,-8.00,
1.50,-25.00,
3.00,-31.90,
6.50,-31.90,
10.00,-37.90,
13.00,-37.90,
15.00,-40.00,
20.00,-46.00,
40.00,-48.00,
61.23,-49.00,
107.50,-49.00,
119.40,-59.00,
180.00,-59.00,
PATCUT:,AZ
POLARI:,V/H
NUPOIN:,17
-180.00,-59.00,
-15.00,-59.00,
-10.85,-59.00,
-9.01,-54.00,
-4.01,-54.00,
-2.11,-50.00,
-1.80,-42.00,
-1.00,-30.00,
0.00,-30.00,
1.00,-30.00,
1.80,-42.00,
2.11,-50.00,
4.01,-54.00,
9.01,-54.00,
10.85,-59.00,
15.00,-59.00,
180.00,-59.00,
ENDFIL:,EOF
