REVNUM:,NSMA WG16.99.050
REVDAT:,19990520
ANTMAN:,ANDREW CORPORATION
MODNUM:,P10-122
PATNUM:,1288F
FEDORN:,NA
DESCR1:,
DESCR2:,
DESCR3:,
DESCR4:,
DESCR5:,
DTDATA:,19971010
LOWFRQ:,12200
HGHFRQ:,13250
GUNITS:,DBI/DBR
LWGAIN:,48.4
MDGAIN:,48.8
HGGAIN:,49.1
AZWIDT:,0.60
ELWIDT:,0.60
ATVSWR:,1.08
FRTOBA:,60.0
ELTILT:,0
PATTYP:,ENVELOPE
NOFREQ:,NA
PATFRE:,NA
NUMCUT:,4
PATCUT:,AZ
POLARI:,H/H
NUPOIN:,23
-180.00,-60.00,
-101.00,-60.00,
-94.00,-52.90,
-20.00,-47.00,
-15.00,-47.00,
-13.50,-47.00,
-8.50,-40.00,
-5.00,-34.00,
-2.30,-32.00,
-1.20,-17.50,
-0.50,-2.00,
0.00,0.00,
0.50,-2.00,
1.20,-17.50,
2.30,-32.00,
5.00,-34.00,
8.50,-40.00,
13.50,-47.00,
15.00,-47.00,
20.00,-47.00,
94.00,-52.90,
101.00,-60.00,
180.00,-60.00,
PATCUT:,AZ
POLARI:,H/V
NUPOIN:,15
-180.00,-60.00,
-45.00,-60.00,
-15.00,-59.00,
-7.41,-59.00,
-3.50,-47.00,
-2.00,-46.00,
-1.00,-26.00,
0.00,-26.00,
1.00,-26.00,
2.00,-46.00,
3.50,-47.00,
7.41,-59.00,
15.00,-59.00,
45.00,-60.00,
180.00,-60.00,
PATCUT:,AZ
POLARI:,V/V
NUPOIN:,29
-180.00,-60.00,
-95.00,-60.00,
-93.50,-55.00,
-59.00,-55.00,
-40.00,-48.00,
-20.00,-47.00,
-15.00,-42.00,
-12.80,-39.00,
-8.40,-38.00,
-6.40,-33.70,
-3.40,-32.70,
-1.40,-27.00,
-1.20,-17.50,
-0.50,-2.00,
0.00,0.00,
0.50,-2.00,
1.20,-17.50,
1.40,-27.00,
3.40,-32.70,
6.40,-33.70,
8.40,-38.00,
12.80,-39.00,
15.00,-42.00,
20.00,-47.00,
40.00,-48.00,
59.00,-55.00,
93.50,-55.00,
95.00,-60.00,
180.00,-60.00,
PATCUT:,AZ
POLARI:,V/H
NUPOIN:,13
-180.00,-60.00,
-15.00,-60.00,
-10.10,-60.00,
-7.10,-46.00,
-2.00,-46.00,
-1.00,-26.00,
0.00,-26.00,
1.00,-26.00,
2.00,-46.00,
7.10,-46.00,
10.10,-60.00,
15.00,-60.00,
180.00,-60.00,
ENDFIL:,EOF
