REVNUM:,NSMA WG16.99.050
REVDAT:,19990520
ANTMAN:,ANDREW CORPORATION
MODNUM:,HP8-122
PATNUM:,3228D
FEDORN:,NA
DESCR1:,
DESCR2:,
DESCR3:,
DESCR4:,
DESCR5:,
DTDATA:,19811013
LOWFRQ:,12200
HGHFRQ:,13250
GUNITS:,DBI/DBR
LWGAIN:,47.2
MDGAIN:,47.6
HGGAIN:,47.9
AZWIDT:,0.70
ELWIDT:,0.70
ATVSWR:,1.08
FRTOBA:,70.0
ELTILT:,0
PATTYP:,ENVELOPE
NOFREQ:,NA
PATFRE:,NA
NUMCUT:,4
PATCUT:,AZ
POLARI:,H/H
NUPOIN:,23
-180.00,-70.00,
-100.00,-70.00,
-60.00,-52.00,
-20.00,-43.00,
-11.00,-43.00,
-7.70,-38.00,
-4.90,-36.00,
-2.50,-22.00,
-1.20,-22.00,
-1.00,-15.00,
-0.50,-2.30,
0.00,0.00,
0.50,-2.30,
1.00,-15.00,
1.20,-22.00,
2.50,-22.00,
4.90,-36.00,
7.70,-38.00,
11.00,-43.00,
20.00,-43.00,
60.00,-52.00,
100.00,-70.00,
180.00,-70.00,
PATCUT:,AZ
POLARI:,H/V
NUPOIN:,17
-180.00,-71.00,
-100.00,-71.00,
-60.00,-64.00,
-40.00,-59.00,
-15.00,-55.00,
-6.00,-53.00,
-3.00,-45.00,
-1.50,-30.00,
0.00,-30.00,
1.50,-30.00,
3.00,-45.00,
6.00,-53.00,
15.00,-55.00,
40.00,-59.00,
60.00,-64.00,
100.00,-71.00,
180.00,-71.00,
PATCUT:,AZ
POLARI:,V/V
NUPOIN:,31
-180.00,-70.00,
-100.00,-70.00,
-37.50,-48.30,
-26.00,-47.00,
-15.00,-38.00,
-10.20,-37.00,
-7.70,-33.10,
-6.00,-33.10,
-3.50,-27.00,
-1.60,-25.10,
-1.50,-23.10,
-1.20,-23.10,
-1.20,-22.00,
-1.00,-15.00,
-0.50,-2.30,
0.00,0.00,
0.50,-2.30,
1.00,-15.00,
1.20,-22.00,
1.20,-23.10,
1.50,-23.10,
1.60,-25.10,
3.50,-27.00,
6.00,-33.10,
7.70,-33.10,
10.20,-37.00,
15.00,-38.00,
26.00,-47.00,
37.50,-48.30,
100.00,-70.00,
180.00,-70.00,
PATCUT:,AZ
POLARI:,V/H
NUPOIN:,19
-180.00,-71.00,
-101.50,-71.00,
-61.50,-60.00,
-15.00,-54.70,
-10.00,-54.00,
-8.00,-50.00,
-3.20,-48.00,
-3.00,-45.00,
-1.50,-30.00,
0.00,-30.00,
1.50,-30.00,
3.00,-45.00,
3.20,-48.00,
8.00,-50.00,
10.00,-54.00,
15.00,-54.70,
61.50,-60.00,
101.50,-71.00,
180.00,-71.00,
ENDFIL:,EOF
