REVNUM:,NSMA WG16.99.050
REVDAT:,19990520
ANTMAN:,ANDREW CORPORATION
MODNUM:,PX8-122
PATNUM:,3215C
FEDORN:,NA
DESCR1:,
DESCR2:,
DESCR3:,
DESCR4:,
DESCR5:,
DTDATA:,19750801
LOWFRQ:,12200
HGHFRQ:,12700
GUNITS:,DBI/DBR
LWGAIN:,47.1
MDGAIN:,47.3
HGGAIN:,47.5
AZWIDT:,0.70
ELWIDT:,0.70
ATVSWR:,1.10
FRTOBA:,54.0
ELTILT:,0
PATTYP:,ENVELOPE
NOFREQ:,NA
PATFRE:,NA
NUMCUT:,4
PATCUT:,AZ
POLARI:,H/H
NUPOIN:,27
-180.00,-54.00,
-175.00,-54.00,
-175.00,-62.00,
-125.00,-62.10,
-109.50,-46.00,
-20.00,-46.00,
-15.00,-36.00,
-8.00,-28.00,
-4.00,-28.00,
-2.60,-23.00,
-1.10,-23.00,
-1.00,-20.00,
-0.50,-5.00,
0.00,0.00,
0.50,-5.00,
1.00,-20.00,
1.10,-23.00,
2.60,-23.00,
4.00,-28.00,
8.00,-28.00,
15.00,-36.00,
20.00,-46.00,
109.50,-46.00,
125.00,-62.10,
175.00,-62.00,
175.00,-54.00,
180.00,-54.00,
PATCUT:,AZ
POLARI:,H/V
NUPOIN:,17
-180.00,-54.00,
-175.00,-54.00,
-175.00,-65.00,
-20.00,-65.00,
-15.00,-56.00,
-8.10,-46.00,
-3.00,-46.00,
-1.00,-30.00,
0.00,-30.00,
1.00,-30.00,
3.00,-46.00,
8.10,-46.00,
15.00,-56.00,
20.00,-65.00,
175.00,-65.00,
175.00,-54.00,
180.00,-54.00,
PATCUT:,AZ
POLARI:,V/V
NUPOIN:,31
-180.00,-54.00,
-175.00,-54.00,
-175.00,-62.00,
-125.00,-62.10,
-109.50,-46.00,
-30.00,-46.00,
-24.50,-39.00,
-20.00,-39.00,
-20.00,-37.10,
-15.00,-37.10,
-15.00,-34.00,
-2.60,-23.00,
-1.10,-23.00,
-1.00,-20.00,
-0.50,-5.00,
0.00,0.00,
0.50,-5.00,
1.00,-20.00,
1.10,-23.00,
2.60,-23.00,
15.00,-34.00,
15.00,-37.10,
20.00,-37.10,
20.00,-39.00,
24.50,-39.00,
30.00,-46.00,
109.50,-46.00,
125.00,-62.10,
175.00,-62.00,
175.00,-54.00,
180.00,-54.00,
PATCUT:,AZ
POLARI:,V/H
NUPOIN:,17
-180.00,-54.00,
-175.00,-54.00,
-175.00,-65.00,
-20.00,-65.00,
-15.00,-60.20,
-8.00,-48.00,
-3.00,-48.00,
-1.00,-30.00,
0.00,-30.00,
1.00,-30.00,
3.00,-48.00,
8.00,-48.00,
15.00,-60.20,
20.00,-65.00,
175.00,-65.00,
175.00,-54.00,
180.00,-54.00,
ENDFIL:,EOF
