REVNUM:,NSMA WG16.99.050
REVDAT:,19990520
ANTMAN:,ANDREW CORPORATION
MODNUM:,HP10-122
PATNUM:,3270D
FEDORN:,NA
DESCR1:,
DESCR2:,
DESCR3:,
DESCR4:,
DESCR5:,
DTDATA:,19811013
LOWFRQ:,12200
HGHFRQ:,13250
GUNITS:,DBI/DBR
LWGAIN:,48.4
MDGAIN:,48.8
HGGAIN:,49.1
AZWIDT:,0.60
ELWIDT:,0.60
ATVSWR:,1.08
FRTOBA:,71.0
ELTILT:,0
PATTYP:,ENVELOPE
NOFREQ:,NA
PATFRE:,NA
NUMCUT:,4
PATCUT:,AZ
POLARI:,H/H
NUPOIN:,25
-180.00,-71.00,
-90.00,-71.00,
-70.50,-55.80,
-25.00,-46.80,
-15.00,-46.30,
-9.50,-45.00,
-8.50,-41.00,
-6.00,-41.00,
-3.60,-27.80,
-1.40,-25.00,
-1.00,-15.00,
-0.50,-3.00,
0.00,0.00,
0.50,-3.00,
1.00,-15.00,
1.40,-25.00,
3.60,-27.80,
6.00,-41.00,
8.50,-41.00,
9.50,-45.00,
15.00,-46.30,
25.00,-46.80,
70.50,-55.80,
90.00,-71.00,
180.00,-71.00,
PATCUT:,AZ
POLARI:,H/V
NUPOIN:,17
-180.00,-75.00,
-100.00,-75.00,
-40.00,-63.90,
-15.00,-56.00,
-8.20,-56.00,
-4.20,-41.90,
-1.70,-41.90,
-1.10,-28.00,
0.00,-28.00,
1.10,-28.00,
1.70,-41.90,
4.20,-41.90,
8.20,-56.00,
15.00,-56.00,
40.00,-63.90,
100.00,-75.00,
180.00,-75.00,
PATCUT:,AZ
POLARI:,V/V
NUPOIN:,25
-180.00,-71.00,
-82.00,-71.00,
-72.00,-59.80,
-47.00,-52.90,
-31.00,-52.90,
-15.00,-39.40,
-8.60,-35.80,
-6.10,-31.90,
-3.20,-31.90,
-1.40,-25.00,
-1.00,-15.00,
-0.50,-3.00,
0.00,0.00,
0.50,-3.00,
1.00,-15.00,
1.40,-25.00,
3.20,-31.90,
6.10,-31.90,
8.60,-35.80,
15.00,-39.40,
31.00,-52.90,
47.00,-52.90,
72.00,-59.80,
82.00,-71.00,
180.00,-71.00,
PATCUT:,AZ
POLARI:,V/H
NUPOIN:,17
-180.00,-75.00,
-100.00,-75.00,
-50.50,-63.90,
-15.00,-63.70,
-12.70,-62.60,
-10.00,-55.80,
-1.70,-41.90,
-1.10,-28.00,
0.00,-28.00,
1.10,-28.00,
1.70,-41.90,
10.00,-55.80,
12.70,-62.60,
15.00,-63.70,
50.50,-63.90,
100.00,-75.00,
180.00,-75.00,
ENDFIL:,EOF
