REVNUM:,NSMA WG16.99.050
REVDAT:,19990520
ANTMAN:,ANDREW CORPORATION
MODNUM:,HPX8-122
PATNUM:,3232D
FEDORN:,NA
DESCR1:,
DESCR2:,
DESCR3:,
DESCR4:,
DESCR5:,
DTDATA:,19781122
LOWFRQ:,12200
HGHFRQ:,12700
GUNITS:,DBI/DBR
LWGAIN:,47.1
MDGAIN:,47.3
HGGAIN:,47.5
AZWIDT:,0.70
ELWIDT:,0.70
ATVSWR:,1.10
FRTOBA:,70.0
ELTILT:,0
PATTYP:,ENVELOPE
NOFREQ:,NA
PATFRE:,NA
NUMCUT:,4
PATCUT:,AZ
POLARI:,H/H
NUPOIN:,27
-180.00,-70.00,
-98.50,-70.00,
-60.50,-55.00,
-34.00,-47.00,
-25.00,-47.00,
-15.00,-39.20,
-14.00,-37.00,
-10.50,-37.00,
-8.40,-33.00,
-3.50,-31.00,
-1.10,-20.00,
-1.00,-15.00,
-0.50,-2.50,
0.00,0.00,
0.50,-2.50,
1.00,-15.00,
1.10,-20.00,
3.50,-31.00,
8.40,-33.00,
10.50,-37.00,
14.00,-37.00,
15.00,-39.20,
25.00,-47.00,
34.00,-47.00,
60.50,-55.00,
98.50,-70.00,
180.00,-70.00,
PATCUT:,AZ
POLARI:,H/V
NUPOIN:,15
-180.00,-70.00,
-78.00,-70.00,
-68.50,-64.00,
-14.00,-64.00,
-8.00,-48.00,
-2.00,-48.00,
-1.00,-30.00,
0.00,-30.00,
1.00,-30.00,
2.00,-48.00,
8.00,-48.00,
14.00,-64.00,
68.50,-64.00,
78.00,-70.00,
180.00,-70.00,
PATCUT:,AZ
POLARI:,V/V
NUPOIN:,25
-180.00,-70.00,
-98.50,-70.00,
-20.00,-47.00,
-15.00,-39.20,
-14.50,-38.00,
-10.00,-38.00,
-6.50,-32.00,
-4.00,-32.00,
-2.00,-27.00,
-1.10,-20.00,
-1.00,-15.00,
-0.50,-2.50,
0.00,0.00,
0.50,-2.50,
1.00,-15.00,
1.10,-20.00,
2.00,-27.00,
4.00,-32.00,
6.50,-32.00,
10.00,-38.00,
14.50,-38.00,
15.00,-39.20,
20.00,-47.00,
98.50,-70.00,
180.00,-70.00,
PATCUT:,AZ
POLARI:,V/H
NUPOIN:,25
-180.00,-70.00,
-77.90,-70.00,
-68.50,-64.00,
-50.00,-62.00,
-15.00,-62.00,
-13.30,-61.00,
-11.40,-57.20,
-9.30,-57.20,
-6.40,-50.00,
-2.20,-50.00,
-2.00,-48.00,
-1.00,-30.00,
0.00,-30.00,
1.00,-30.00,
2.00,-48.00,
2.20,-50.00,
6.40,-50.00,
9.30,-57.20,
11.40,-57.20,
13.30,-61.00,
15.00,-62.00,
50.00,-62.00,
68.50,-64.00,
77.90,-70.00,
180.00,-70.00,
ENDFIL:,EOF
