REVNUM:,NSMA WG16.99.050
REVDAT:,19990520
ANTMAN:,ANDREW CORPORATION
MODNUM:,HPX12-127
PATNUM:,3281C
FEDORN:,NA
DESCR1:,
DESCR2:,
DESCR3:,
DESCR4:,
DESCR5:,
DTDATA:,19811013
LOWFRQ:,12700
HGHFRQ:,13250
GUNITS:,DBI/DBR
LWGAIN:,50.8
MDGAIN:,50.9
HGGAIN:,51.1
AZWIDT:,0.50
ELWIDT:,0.50
ATVSWR:,1.10
FRTOBA:,72.0
ELTILT:,0
PATTYP:,ENVELOPE
NOFREQ:,NA
PATFRE:,NA
NUMCUT:,4
PATCUT:,AZ
POLARI:,H/H
NUPOIN:,19
-180.00,-71.00,
-100.00,-71.00,
-75.00,-46.00,
-35.00,-46.00,
-15.00,-40.00,
-2.00,-20.00,
-0.90,-20.00,
-0.50,-5.00,
-0.20,-0.50,
0.00,0.00,
0.20,-0.50,
0.50,-5.00,
0.90,-20.00,
2.00,-20.00,
15.00,-40.00,
35.00,-46.00,
75.00,-46.00,
100.00,-71.00,
180.00,-71.00,
PATCUT:,AZ
POLARI:,H/V
NUPOIN:,15
-180.00,-71.00,
-100.00,-71.00,
-75.00,-55.00,
-20.00,-55.00,
-15.00,-50.30,
-5.00,-42.00,
-1.50,-25.00,
0.00,-25.00,
1.50,-25.00,
5.00,-42.00,
15.00,-50.30,
20.00,-55.00,
75.00,-55.00,
100.00,-71.00,
180.00,-71.00,
PATCUT:,AZ
POLARI:,V/V
NUPOIN:,17
-180.00,-71.00,
-100.00,-71.00,
-75.00,-46.00,
-35.00,-46.00,
-15.00,-40.00,
-2.00,-20.00,
-1.90,-20.00,
-0.50,-5.00,
0.00,0.00,
0.50,-5.00,
1.90,-20.00,
2.00,-20.00,
15.00,-40.00,
35.00,-46.00,
75.00,-46.00,
100.00,-71.00,
180.00,-71.00,
PATCUT:,AZ
POLARI:,V/H
NUPOIN:,15
-180.00,-71.00,
-100.00,-71.00,
-75.00,-55.00,
-20.00,-55.00,
-15.00,-50.30,
-5.00,-42.00,
-1.50,-25.00,
0.00,-25.00,
1.50,-25.00,
5.00,-42.00,
15.00,-50.30,
20.00,-55.00,
75.00,-55.00,
100.00,-71.00,
180.00,-71.00,
ENDFIL:,EOF
