REVNUM:,NSMA WG16.99.050
REVDAT:,19990520
ANTMAN:,ANDREW CORPORATION
MODNUM:,PX8-127
PATNUM:,3223C
FEDORN:,NA
DESCR1:,
DESCR2:,
DESCR3:,
DESCR4:,
DESCR5:,
DTDATA:,19811013
LOWFRQ:,12700
HGHFRQ:,13250
GUNITS:,DBI/DBR
LWGAIN:,47.5
MDGAIN:,47.6
HGGAIN:,47.8
AZWIDT:,0.70
ELWIDT:,0.70
ATVSWR:,1.10
FRTOBA:,54.0
ELTILT:,0
PATTYP:,ENVELOPE
NOFREQ:,NA
PATFRE:,NA
NUMCUT:,4
PATCUT:,AZ
POLARI:,H/H
NUPOIN:,27
-180.00,-54.00,
-175.00,-54.00,
-175.00,-62.00,
-124.50,-62.00,
-110.00,-46.00,
-20.00,-46.00,
-15.00,-36.00,
-7.50,-28.00,
-4.00,-28.00,
-2.50,-24.00,
-1.00,-24.00,
-0.50,-10.00,
-0.50,-5.00,
0.00,0.00,
0.50,-5.00,
0.50,-10.00,
1.00,-24.00,
2.50,-24.00,
4.00,-28.00,
7.50,-28.00,
15.00,-36.00,
20.00,-46.00,
110.00,-46.00,
124.50,-62.00,
175.00,-62.00,
175.00,-54.00,
180.00,-54.00,
PATCUT:,AZ
POLARI:,H/V
NUPOIN:,17
-180.00,-54.00,
-175.00,-54.00,
-175.00,-65.00,
-20.00,-65.00,
-15.00,-56.00,
-8.00,-46.00,
-3.00,-46.00,
-1.00,-30.00,
0.00,-30.00,
1.00,-30.00,
3.00,-46.00,
8.00,-46.00,
15.00,-56.00,
20.00,-65.00,
175.00,-65.00,
175.00,-54.00,
180.00,-54.00,
PATCUT:,AZ
POLARI:,V/V
NUPOIN:,23
-180.00,-54.00,
-175.00,-54.00,
-175.00,-62.00,
-124.50,-62.00,
-110.00,-46.00,
-30.00,-46.00,
-15.00,-36.00,
-2.50,-24.00,
-1.00,-24.00,
-0.50,-10.00,
-0.50,-5.00,
0.00,0.00,
0.50,-5.00,
0.50,-10.00,
1.00,-24.00,
2.50,-24.00,
15.00,-36.00,
30.00,-46.00,
110.00,-46.00,
124.50,-62.00,
175.00,-62.00,
175.00,-54.00,
180.00,-54.00,
PATCUT:,AZ
POLARI:,V/H
NUPOIN:,17
-180.00,-54.00,
-175.00,-54.00,
-175.00,-65.00,
-20.00,-65.00,
-15.00,-60.00,
-8.00,-48.00,
-2.90,-48.00,
-1.00,-30.00,
0.00,-30.00,
1.00,-30.00,
2.90,-48.00,
8.00,-48.00,
15.00,-60.00,
20.00,-65.00,
175.00,-65.00,
175.00,-54.00,
180.00,-54.00,
ENDFIL:,EOF
