REVNUM:,NSMA WG16.99.050
REVDAT:,19990520
ANTMAN:,ANDREW CORPORATION
MODNUM:,HPX10-127
PATNUM:,3279C
FEDORN:,NA
DESCR1:,
DESCR2:,
DESCR3:,
DESCR4:,
DESCR5:,
DTDATA:,19811013
LOWFRQ:,12700
HGHFRQ:,13250
GUNITS:,DBI/DBR
LWGAIN:,48.7
MDGAIN:,48.8
HGGAIN:,49.0
AZWIDT:,0.60
ELWIDT:,0.60
ATVSWR:,1.10
FRTOBA:,71.0
ELTILT:,0
PATTYP:,ENVELOPE
NOFREQ:,NA
PATFRE:,NA
NUMCUT:,4
PATCUT:,AZ
POLARI:,H/H
NUPOIN:,25
-180.00,-71.00,
-90.00,-71.00,
-70.00,-56.00,
-60.00,-56.00,
-35.00,-50.00,
-20.00,-48.00,
-15.00,-38.00,
-10.00,-37.90,
-10.00,-32.00,
-5.00,-27.90,
-2.00,-25.80,
-0.50,-1.00,
0.00,0.00,
0.50,-1.00,
2.00,-25.80,
5.00,-27.90,
10.00,-32.00,
10.00,-37.90,
15.00,-38.00,
20.00,-48.00,
35.00,-50.00,
60.00,-56.00,
70.00,-56.00,
90.00,-71.00,
180.00,-71.00,
PATCUT:,AZ
POLARI:,H/V
NUPOIN:,15
-180.00,-71.00,
-78.00,-71.00,
-25.00,-68.00,
-15.00,-62.00,
-15.00,-58.00,
-1.90,-48.00,
-0.60,-25.00,
0.00,-25.00,
0.60,-25.00,
1.90,-48.00,
15.00,-58.00,
15.00,-62.00,
25.00,-68.00,
78.00,-71.00,
180.00,-71.00,
PATCUT:,AZ
POLARI:,V/V
NUPOIN:,25
-180.00,-71.00,
-90.00,-71.00,
-68.00,-58.00,
-55.00,-58.00,
-40.00,-52.00,
-20.00,-48.00,
-15.00,-41.00,
-10.00,-37.90,
-6.80,-30.00,
-4.00,-30.00,
-2.00,-25.80,
-0.50,-1.00,
0.00,0.00,
0.50,-1.00,
2.00,-25.80,
4.00,-30.00,
6.80,-30.00,
10.00,-37.90,
15.00,-41.00,
20.00,-48.00,
40.00,-52.00,
55.00,-58.00,
68.00,-58.00,
90.00,-71.00,
180.00,-71.00,
PATCUT:,AZ
POLARI:,V/H
NUPOIN:,15
-180.00,-71.00,
-78.00,-71.00,
-58.00,-62.00,
-15.00,-62.00,
-10.00,-48.00,
-1.90,-48.00,
-0.60,-25.00,
0.00,-25.00,
0.60,-25.00,
1.90,-48.00,
10.00,-48.00,
15.00,-62.00,
58.00,-62.00,
78.00,-71.00,
180.00,-71.00,
ENDFIL:,EOF
