REVNUM:,NSMA WG16.99.050
REVDAT:,19990520
ANTMAN:,ANDREW CORPORATION
MODNUM:,HPX8-127
PATNUM:,3278D
FEDORN:,NA
DESCR1:,
DESCR2:,
DESCR3:,
DESCR4:,
DESCR5:,
DTDATA:,19811013
LOWFRQ:,12700
HGHFRQ:,13250
GUNITS:,DBI/DBR
LWGAIN:,47.5
MDGAIN:,47.6
HGGAIN:,47.8
AZWIDT:,0.70
ELWIDT:,0.70
ATVSWR:,1.10
FRTOBA:,70.0
ELTILT:,0
PATTYP:,ENVELOPE
NOFREQ:,NA
PATFRE:,NA
NUMCUT:,4
PATCUT:,AZ
POLARI:,H/H
NUPOIN:,27
-180.00,-70.00,
-98.50,-70.00,
-65.00,-56.00,
-15.00,-43.00,
-14.00,-38.00,
-12.50,-35.70,
-6.50,-31.00,
-3.00,-30.70,
-2.50,-28.00,
-2.30,-26.00,
-1.70,-19.80,
-1.00,-19.80,
-0.50,-0.70,
0.00,0.00,
0.50,-0.70,
1.00,-19.80,
1.70,-19.80,
2.30,-26.00,
2.50,-28.00,
3.00,-30.70,
6.50,-31.00,
12.50,-35.70,
14.00,-38.00,
15.00,-43.00,
65.00,-56.00,
98.50,-70.00,
180.00,-70.00,
PATCUT:,AZ
POLARI:,H/V
NUPOIN:,17
-180.00,-70.00,
-80.00,-70.00,
-60.00,-66.00,
-15.00,-60.00,
-12.00,-58.00,
-7.50,-48.00,
-2.00,-46.70,
-1.10,-30.00,
0.00,-30.00,
1.10,-30.00,
2.00,-46.70,
7.50,-48.00,
12.00,-58.00,
15.00,-60.00,
60.00,-66.00,
80.00,-70.00,
180.00,-70.00,
PATCUT:,AZ
POLARI:,V/V
NUPOIN:,29
-180.00,-70.00,
-98.50,-70.00,
-40.00,-52.00,
-20.00,-44.00,
-15.00,-38.00,
-14.50,-37.50,
-10.50,-37.00,
-9.00,-33.00,
-6.50,-31.00,
-4.00,-30.90,
-2.30,-26.00,
-1.70,-19.80,
-1.00,-19.80,
-0.50,-0.70,
0.00,0.00,
0.50,-0.70,
1.00,-19.80,
1.70,-19.80,
2.30,-26.00,
4.00,-30.90,
6.50,-31.00,
9.00,-33.00,
10.50,-37.00,
14.50,-37.50,
15.00,-38.00,
20.00,-44.00,
40.00,-52.00,
98.50,-70.00,
180.00,-70.00,
PATCUT:,AZ
POLARI:,V/H
NUPOIN:,19
-180.00,-70.00,
-80.00,-70.00,
-70.00,-64.00,
-15.00,-60.00,
-12.00,-58.00,
-10.30,-54.20,
-6.50,-49.00,
-2.10,-49.00,
-1.10,-30.00,
0.00,-30.00,
1.10,-30.00,
2.10,-49.00,
6.50,-49.00,
10.30,-54.20,
12.00,-58.00,
15.00,-60.00,
70.00,-64.00,
80.00,-70.00,
180.00,-70.00,
ENDFIL:,EOF
