REVNUM:,NSMA WG16.99.050
REVDAT:,19990520
ANTMAN:,ANDREW CORPORATION
MODNUM:,HP4-130
PATNUM:,1252A
FEDORN:,NA
DESCR1:,
DESCR2:,
DESCR3:,
DESCR4:,
DESCR5:,
DTDATA:,19950320
LOWFRQ:,12750
HGHFRQ:,13250
GUNITS:,DBI/DBR
LWGAIN:,40.9
MDGAIN:,41.0
HGGAIN:,41.1
AZWIDT:,1.30
ELWIDT:,1.30
ATVSWR:,1.10
FRTOBA:,68.0
ELTILT:,0
PATTYP:,ENVELOPE
NOFREQ:,NA
PATFRE:,NA
NUMCUT:,4
PATCUT:,AZ
POLARI:,H/H
NUPOIN:,27
-180.00,-68.00,
-90.00,-68.00,
-60.00,-50.00,
-23.00,-39.00,
-20.00,-39.00,
-20.00,-38.00,
-15.00,-37.00,
-7.50,-28.00,
-2.50,-18.00,
-1.30,-18.00,
-1.00,-7.00,
-0.60,-1.00,
-0.50,-0.60,
0.00,0.00,
0.50,-0.60,
0.60,-1.00,
1.00,-7.00,
1.30,-18.00,
2.50,-18.00,
7.50,-28.00,
15.00,-37.00,
20.00,-38.00,
20.00,-39.00,
23.00,-39.00,
60.00,-50.00,
90.00,-68.00,
180.00,-68.00,
PATCUT:,AZ
POLARI:,H/V
NUPOIN:,17
-180.00,-68.00,
-75.00,-68.00,
-68.00,-60.00,
-51.00,-56.00,
-20.00,-53.00,
-15.00,-50.00,
-9.80,-50.00,
-2.00,-28.00,
0.00,-28.00,
2.00,-28.00,
9.80,-50.00,
15.00,-50.00,
20.00,-53.00,
51.00,-56.00,
68.00,-60.00,
75.00,-68.00,
180.00,-68.00,
PATCUT:,AZ
POLARI:,V/V
NUPOIN:,27
-180.00,-68.00,
-90.00,-68.00,
-60.00,-50.00,
-23.00,-39.00,
-20.00,-39.00,
-20.00,-38.00,
-15.00,-37.00,
-7.50,-28.00,
-2.50,-18.00,
-1.30,-18.00,
-1.00,-7.00,
-0.60,-1.00,
-0.50,-0.60,
0.00,0.00,
0.50,-0.60,
0.60,-1.00,
1.00,-7.00,
1.30,-18.00,
2.50,-18.00,
7.50,-28.00,
15.00,-37.00,
20.00,-38.00,
20.00,-39.00,
23.00,-39.00,
60.00,-50.00,
90.00,-68.00,
180.00,-68.00,
PATCUT:,AZ
POLARI:,V/H
NUPOIN:,17
-180.00,-68.00,
-75.00,-68.00,
-68.00,-60.00,
-51.00,-56.00,
-20.00,-53.00,
-15.00,-50.00,
-9.80,-50.00,
-2.00,-28.00,
0.00,-28.00,
2.00,-28.00,
9.80,-50.00,
15.00,-50.00,
20.00,-53.00,
51.00,-56.00,
68.00,-60.00,
75.00,-68.00,
180.00,-68.00,
ENDFIL:,EOF
