REVNUM:,NSMA WG16.99.050
REVDAT:,19990520
ANTMAN:,ANDREW CORPORATION
MODNUM:,HP8-130
PATNUM:,3289
FEDORN:,NA
DESCR1:,
DESCR2:,
DESCR3:,
DESCR4:,
DESCR5:,
DTDATA:,19840203
LOWFRQ:,12750
HGHFRQ:,13250
GUNITS:,DBI/DBR
LWGAIN:,47.6
MDGAIN:,47.7
HGGAIN:,47.8
AZWIDT:,0.70
ELWIDT:,0.70
ATVSWR:,1.08
FRTOBA:,71.0
ELTILT:,0
PATTYP:,ENVELOPE
NOFREQ:,NA
PATFRE:,NA
NUMCUT:,4
PATCUT:,AZ
POLARI:,H/H
NUPOIN:,23
-180.00,-71.00,
-110.00,-71.00,
-65.00,-52.00,
-15.00,-42.00,
-10.00,-39.00,
-5.00,-37.00,
-2.50,-25.00,
-1.50,-25.00,
-1.50,-20.00,
-1.00,-9.00,
-0.50,-2.00,
0.00,0.00,
0.50,-2.00,
1.00,-9.00,
1.50,-20.00,
1.50,-25.00,
2.50,-25.00,
5.00,-37.00,
10.00,-39.00,
15.00,-42.00,
65.00,-52.00,
110.00,-71.00,
180.00,-71.00,
PATCUT:,AZ
POLARI:,H/V
NUPOIN:,19
-180.00,-72.00,
-70.00,-72.00,
-59.00,-64.50,
-35.00,-61.00,
-20.00,-56.00,
-15.00,-56.00,
-8.00,-55.00,
-5.00,-50.00,
-1.50,-28.00,
0.00,-28.00,
1.50,-28.00,
5.00,-50.00,
8.00,-55.00,
15.00,-56.00,
20.00,-56.00,
35.00,-61.00,
59.00,-64.50,
70.00,-72.00,
180.00,-72.00,
PATCUT:,AZ
POLARI:,V/V
NUPOIN:,23
-180.00,-71.00,
-110.00,-71.00,
-65.00,-52.00,
-15.00,-42.00,
-10.00,-39.00,
-5.00,-37.00,
-2.50,-25.00,
-1.50,-25.00,
-1.50,-20.00,
-1.00,-9.00,
-0.50,-2.00,
0.00,0.00,
0.50,-2.00,
1.00,-9.00,
1.50,-20.00,
1.50,-25.00,
2.50,-25.00,
5.00,-37.00,
10.00,-39.00,
15.00,-42.00,
65.00,-52.00,
110.00,-71.00,
180.00,-71.00,
PATCUT:,AZ
POLARI:,V/H
NUPOIN:,19
-180.00,-72.00,
-70.00,-72.00,
-59.00,-64.50,
-35.00,-61.00,
-20.00,-56.00,
-15.00,-56.00,
-8.00,-55.00,
-5.00,-50.00,
-1.50,-28.00,
0.00,-28.00,
1.50,-28.00,
5.00,-50.00,
8.00,-55.00,
15.00,-56.00,
20.00,-56.00,
35.00,-61.00,
59.00,-64.50,
70.00,-72.00,
180.00,-72.00,
ENDFIL:,EOF
