REVNUM:,NSMA WG16.99.050
REVDAT:,19990520
ANTMAN:,ANDREW CORPORATION
MODNUM:,FPHP4F-13
PATNUM:,2590
FEDORN:,NA
DESCR1:,
DESCR2:,
DESCR3:,
DESCR4:,
DESCR5:,
DTDATA:,19970410
LOWFRQ:,1350
HGHFRQ:,1535
GUNITS:,DBI/DBR
LWGAIN:,21.7
MDGAIN:,22.3
HGGAIN:,22.7
AZWIDT:,11.10
ELWIDT:,11.10
ATVSWR:,1.30
FRTOBA:,41.0
ELTILT:,0
PATTYP:,ENVELOPE
NOFREQ:,NA
PATFRE:,NA
NUMCUT:,4
PATCUT:,AZ
POLARI:,H/H
NUPOIN:,35
-180.00,-41.00,
-110.00,-41.00,
-60.00,-20.00,
-30.00,-20.00,
-20.00,-12.00,
-12.20,-12.00,
-11.14,-10.00,
-9.96,-8.00,
-8.63,-6.00,
-7.72,-4.80,
-6.68,-3.60,
-5.46,-2.40,
-3.86,-1.20,
-2.08,-0.35,
-1.76,-0.25,
-1.36,-0.15,
-0.79,-0.05,
0.00,0.00,
0.79,-0.05,
1.36,-0.15,
1.76,-0.25,
2.08,-0.35,
3.86,-1.20,
5.46,-2.40,
6.68,-3.60,
7.72,-4.80,
8.63,-6.00,
9.96,-8.00,
11.14,-10.00,
12.20,-12.00,
20.00,-12.00,
30.00,-20.00,
60.00,-20.00,
110.00,-41.00,
180.00,-41.00,
PATCUT:,AZ
POLARI:,H/V
NUPOIN:,9
-180.00,-43.00,
-100.00,-43.00,
-20.00,-36.00,
-15.00,-30.00,
0.00,-30.00,
15.00,-30.00,
20.00,-36.00,
100.00,-43.00,
180.00,-43.00,
PATCUT:,AZ
POLARI:,V/V
NUPOIN:,35
-180.00,-41.00,
-110.00,-41.00,
-60.00,-20.00,
-30.00,-20.00,
-20.00,-12.00,
-12.20,-12.00,
-11.14,-10.00,
-9.96,-8.00,
-8.63,-6.00,
-7.72,-4.80,
-6.68,-3.60,
-5.46,-2.40,
-3.86,-1.20,
-2.08,-0.35,
-1.76,-0.25,
-1.36,-0.15,
-0.79,-0.05,
0.00,0.00,
0.79,-0.05,
1.36,-0.15,
1.76,-0.25,
2.08,-0.35,
3.86,-1.20,
5.46,-2.40,
6.68,-3.60,
7.72,-4.80,
8.63,-6.00,
9.96,-8.00,
11.14,-10.00,
12.20,-12.00,
20.00,-12.00,
30.00,-20.00,
60.00,-20.00,
110.00,-41.00,
180.00,-41.00,
PATCUT:,AZ
POLARI:,V/H
NUPOIN:,11
-180.00,-43.00,
-100.00,-43.00,
-50.00,-35.00,
-20.00,-35.00,
-15.00,-30.00,
0.00,-30.00,
15.00,-30.00,
20.00,-35.00,
50.00,-35.00,
100.00,-43.00,
180.00,-43.00,
ENDFIL:,EOF
