REVNUM:,NSMA WG16.99.050
REVDAT:,19990520
ANTMAN:,ANDREW CORPORATION
MODNUM:,KPR10F-13
PATNUM:,3012
FEDORN:,NA
DESCR1:,
DESCR2:,
DESCR3:,
DESCR4:,
DESCR5:,
DTDATA:,19960505
LOWFRQ:,1350
HGHFRQ:,1535
GUNITS:,DBI/DBR
LWGAIN:,29.9
MDGAIN:,30.5
HGGAIN:,31.0
AZWIDT:,4.70
ELWIDT:,4.70
ATVSWR:,1.30
FRTOBA:,32.0
ELTILT:,0
PATTYP:,ENVELOPE
NOFREQ:,NA
PATFRE:,NA
NUMCUT:,4
PATCUT:,AZ
POLARI:,H/H
NUPOIN:,41
-180.00,-38.00,
-168.00,-38.00,
-166.00,-41.00,
-113.00,-41.00,
-98.00,-35.00,
-75.00,-35.00,
-53.00,-28.00,
-30.00,-28.00,
-20.00,-21.50,
-6.50,-21.50,
-6.24,-19.70,
-5.82,-16.40,
-5.16,-11.90,
-4.56,-8.70,
-3.94,-5.50,
-3.46,-3.80,
-2.86,-2.60,
-2.22,-1.60,
-1.64,-0.70,
-1.00,-0.10,
0.00,-0.00,
1.00,-0.10,
1.64,-0.70,
2.22,-1.60,
2.86,-2.60,
3.46,-3.80,
3.94,-5.50,
4.56,-8.70,
5.16,-11.90,
5.82,-16.40,
6.24,-19.70,
6.50,-21.50,
20.00,-21.50,
30.00,-28.00,
53.00,-28.00,
75.00,-35.00,
98.00,-35.00,
113.00,-41.00,
166.00,-41.00,
168.00,-38.00,
180.00,-38.00,
PATCUT:,AZ
POLARI:,H/V
NUPOIN:,11
-180.00,-43.00,
-145.00,-43.00,
-123.00,-39.00,
-15.00,-39.00,
-5.00,-32.00,
0.00,-32.00,
5.00,-32.00,
15.00,-39.00,
123.00,-39.00,
145.00,-43.00,
180.00,-43.00,
PATCUT:,AZ
POLARI:,V/V
NUPOIN:,25
-180.00,-34.00,
-110.00,-34.00,
-89.00,-28.00,
-29.00,-26.50,
-17.00,-17.00,
-10.00,-17.00,
-9.00,-13.50,
-4.80,-13.50,
-4.00,-8.70,
-3.08,-4.90,
-1.98,-1.50,
-0.98,-0.10,
0.00,-0.00,
0.98,-0.10,
1.98,-1.50,
3.08,-4.90,
4.00,-8.70,
4.80,-13.50,
9.00,-13.50,
10.00,-17.00,
17.00,-17.00,
29.00,-26.50,
89.00,-28.00,
110.00,-34.00,
180.00,-34.00,
PATCUT:,AZ
POLARI:,V/H
NUPOIN:,7
-180.00,-37.00,
-62.00,-37.00,
-20.00,-31.00,
0.00,-31.00,
20.00,-31.00,
62.00,-37.00,
180.00,-37.00,
ENDFIL:,EOF
