REVNUM:,NSMA WG16.99.050
REVDAT:,19990520
ANTMAN:,ANDREW CORPORATION
MODNUM:,KPR3F-13
PATNUM:,3482
FEDORN:,NA
DESCR1:,
DESCR2:,
DESCR3:,
DESCR4:,
DESCR5:,
DTDATA:,19960502
LOWFRQ:,1350
HGHFRQ:,1535
GUNITS:,DBI/DBR
LWGAIN:,20.1
MDGAIN:,20.1
HGGAIN:,20.1
AZWIDT:,13.00
ELWIDT:,14.90
ATVSWR:,1.35
FRTOBA:,23.0
ELTILT:,0
PATTYP:,ENVELOPE
NOFREQ:,NA
PATFRE:,NA
NUMCUT:,4
PATCUT:,AZ
POLARI:,H/H
NUPOIN:,35
-180.00,-25.00,
-160.00,-25.00,
-155.00,-28.00,
-135.00,-28.00,
-110.00,-22.50,
-39.00,-22.50,
-29.00,-12.40,
-15.15,-12.40,
-13.70,-9.90,
-11.90,-7.05,
-10.60,-5.40,
-9.65,-4.35,
-7.50,-2.45,
-5.95,-1.40,
-4.25,-0.60,
-3.05,-0.20,
-2.05,-0.05,
0.00,-0.00,
2.05,-0.05,
3.05,-0.20,
4.25,-0.60,
5.95,-1.40,
7.50,-2.45,
9.65,-4.35,
10.60,-5.40,
11.90,-7.05,
13.70,-9.90,
15.15,-12.40,
29.00,-12.40,
39.00,-22.50,
110.00,-22.50,
135.00,-28.00,
155.00,-28.00,
160.00,-25.00,
180.00,-25.00,
PATCUT:,AZ
POLARI:,H/V
NUPOIN:,11
-180.00,-34.00,
-133.00,-34.00,
-126.00,-32.00,
-86.00,-32.00,
-75.00,-30.00,
0.00,-30.00,
75.00,-30.00,
86.00,-32.00,
126.00,-32.00,
133.00,-34.00,
180.00,-34.00,
PATCUT:,AZ
POLARI:,V/V
NUPOIN:,37
-180.00,-23.00,
-160.00,-23.00,
-155.00,-28.00,
-140.00,-28.00,
-100.00,-16.00,
-32.00,-16.00,
-26.00,-10.50,
-13.00,-10.50,
-12.10,-9.00,
-11.30,-7.65,
-10.05,-5.80,
-8.60,-4.15,
-7.15,-2.85,
-5.85,-1.75,
-4.60,-0.95,
-3.15,-0.40,
-2.45,-0.15,
-1.75,-0.05,
0.00,-0.00,
1.75,-0.05,
2.45,-0.15,
3.15,-0.40,
4.60,-0.95,
5.85,-1.75,
7.15,-2.85,
8.60,-4.15,
10.05,-5.80,
11.30,-7.65,
12.10,-9.00,
13.00,-10.50,
26.00,-10.50,
32.00,-16.00,
100.00,-16.00,
140.00,-28.00,
155.00,-28.00,
160.00,-23.00,
180.00,-23.00,
PATCUT:,AZ
POLARI:,V/H
NUPOIN:,7
-180.00,-34.00,
-140.00,-34.00,
-95.00,-28.00,
0.00,-28.00,
95.00,-28.00,
140.00,-34.00,
180.00,-34.00,
ENDFIL:,EOF
