REVNUM:,NSMA WG16.99.050
REVDAT:,19990520
ANTMAN:,ANDREW CORPORATION
MODNUM:,KPR8F-13
PATNUM:,3488
FEDORN:,NA
DESCR1:,
DESCR2:,
DESCR3:,
DESCR4:,
DESCR5:,
DTDATA:,19960503
LOWFRQ:,1350
HGHFRQ:,1535
GUNITS:,DBI/DBR
LWGAIN:,28.2
MDGAIN:,28.8
HGGAIN:,29.3
AZWIDT:,5.40
ELWIDT:,5.40
ATVSWR:,1.30
FRTOBA:,32.0
ELTILT:,0
PATTYP:,ENVELOPE
NOFREQ:,NA
PATFRE:,NA
NUMCUT:,4
PATCUT:,AZ
POLARI:,H/H
NUPOIN:,39
-180.00,-33.80,
-170.00,-33.80,
-166.00,-36.00,
-120.00,-36.00,
-110.00,-32.00,
-76.00,-32.00,
-66.00,-29.00,
-36.00,-29.00,
-20.00,-19.50,
-10.00,-18.00,
-7.12,-18.00,
-6.30,-13.70,
-5.38,-9.60,
-4.24,-5.00,
-3.42,-3.00,
-2.68,-1.50,
-2.28,-1.00,
-1.60,-0.40,
-1.00,-0.10,
0.00,-0.00,
1.00,-0.10,
1.60,-0.40,
2.28,-1.00,
2.68,-1.50,
3.42,-3.00,
4.24,-5.00,
5.38,-9.60,
6.30,-13.70,
7.12,-18.00,
10.00,-18.00,
20.00,-19.50,
36.00,-29.00,
66.00,-29.00,
76.00,-32.00,
110.00,-32.00,
120.00,-36.00,
166.00,-36.00,
170.00,-33.80,
180.00,-33.80,
PATCUT:,AZ
POLARI:,H/V
NUPOIN:,11
-180.00,-43.00,
-150.00,-43.00,
-117.00,-38.00,
-14.00,-38.00,
-10.00,-32.00,
0.00,-32.00,
10.00,-32.00,
14.00,-38.00,
117.00,-38.00,
150.00,-43.00,
180.00,-43.00,
PATCUT:,AZ
POLARI:,V/V
NUPOIN:,33
-180.00,-34.50,
-128.00,-34.50,
-107.00,-25.50,
-92.00,-24.50,
-25.00,-24.50,
-22.00,-18.50,
-13.00,-18.50,
-10.00,-14.00,
-5.60,-14.00,
-5.24,-12.00,
-4.46,-8.00,
-3.84,-5.80,
-2.92,-3.10,
-2.20,-1.60,
-1.46,-0.50,
-0.92,-0.10,
0.00,-0.00,
0.92,-0.10,
1.46,-0.50,
2.20,-1.60,
2.92,-3.10,
3.84,-5.80,
4.46,-8.00,
5.24,-12.00,
5.60,-14.00,
10.00,-14.00,
13.00,-18.50,
22.00,-18.50,
25.00,-24.50,
92.00,-24.50,
107.00,-25.50,
128.00,-34.50,
180.00,-34.50,
PATCUT:,AZ
POLARI:,V/H
NUPOIN:,7
-180.00,-36.00,
-70.00,-36.00,
-55.00,-30.00,
0.00,-30.00,
55.00,-30.00,
70.00,-36.00,
180.00,-36.00,
ENDFIL:,EOF
