REVNUM:,NSMA WG16.99.050
REVDAT:,19990520
ANTMAN:,ANDREW CORPORATION
MODNUM:,FP4F-13
PATNUM:,3032
FEDORN:,NA
DESCR1:,
DESCR2:,
DESCR3:,
DESCR4:,
DESCR5:,
DTDATA:,19970509
LOWFRQ:,1350
HGHFRQ:,1535
GUNITS:,DBI/DBR
LWGAIN:,21.8
MDGAIN:,22.4
HGGAIN:,22.8
AZWIDT:,11.50
ELWIDT:,11.50
ATVSWR:,1.30
FRTOBA:,36.0
ELTILT:,0
PATTYP:,ENVELOPE
NOFREQ:,NA
PATFRE:,NA
NUMCUT:,4
PATCUT:,AZ
POLARI:,H/H
NUPOIN:,39
-179.70,-36.00,
-120.00,-36.00,
-48.00,-21.00,
-36.00,-21.00,
-22.00,-14.50,
-14.00,-14.50,
-13.00,-12.95,
-11.95,-11.10,
-10.95,-9.30,
-9.95,-7.45,
-9.05,-6.10,
-7.95,-4.65,
-6.95,-3.45,
-6.00,-2.45,
-5.00,-1.70,
-3.95,-0.90,
-3.00,-0.45,
-2.00,-0.15,
-0.90,0.00,
0.00,0.00,
0.90,0.00,
2.00,-0.15,
3.00,-0.45,
3.95,-0.90,
5.00,-1.70,
6.00,-2.45,
6.95,-3.45,
7.95,-4.65,
9.05,-6.10,
9.95,-7.45,
10.95,-9.30,
11.95,-11.10,
13.00,-12.95,
14.00,-14.50,
22.00,-14.50,
36.00,-21.00,
48.00,-21.00,
120.00,-36.00,
179.70,-36.00,
PATCUT:,AZ
POLARI:,H/V
NUPOIN:,11
-180.00,-38.00,
-36.00,-38.00,
-29.50,-34.00,
-20.00,-34.00,
-15.00,-30.00,
0.00,-30.00,
15.00,-30.00,
20.00,-34.00,
29.50,-34.00,
36.00,-38.00,
180.00,-38.00,
PATCUT:,AZ
POLARI:,V/V
NUPOIN:,35
-180.00,-37.00,
-120.00,-37.00,
-50.40,-18.00,
-26.00,-18.00,
-20.00,-13.50,
-12.00,-13.50,
-11.00,-11.65,
-10.00,-9.30,
-9.00,-7.45,
-8.00,-5.60,
-7.00,-4.25,
-6.00,-3.05,
-5.00,-2.00,
-4.00,-1.35,
-3.00,-0.70,
-2.00,-0.30,
-1.00,0.00,
0.00,0.00,
1.00,0.00,
2.00,-0.30,
3.00,-0.70,
4.00,-1.35,
5.00,-2.00,
6.00,-3.05,
7.00,-4.25,
8.00,-5.60,
9.00,-7.45,
10.00,-9.30,
11.00,-11.65,
12.00,-13.50,
20.00,-13.50,
26.00,-18.00,
50.40,-18.00,
120.00,-37.00,
180.00,-37.00,
PATCUT:,AZ
POLARI:,V/H
NUPOIN:,11
-180.00,-40.00,
-57.00,-40.00,
-53.50,-38.00,
-20.00,-38.00,
-15.00,-30.00,
0.00,-30.00,
15.00,-30.00,
20.00,-38.00,
53.50,-38.00,
57.00,-40.00,
180.00,-40.00,
ENDFIL:,EOF
