REVNUM:,NSMA WG16.99.050
REVDAT:,19990520
ANTMAN:,ANDREW CORPORATION
MODNUM:,FP6F-13
PATNUM:,3034
FEDORN:,NA
DESCR1:,
DESCR2:,
DESCR3:,
DESCR4:,
DESCR5:,
DTDATA:,19970509
LOWFRQ:,1350
HGHFRQ:,1535
GUNITS:,DBI/DBR
LWGAIN:,25.3
MDGAIN:,25.9
HGGAIN:,26.3
AZWIDT:,8.10
ELWIDT:,8.10
ATVSWR:,1.30
FRTOBA:,41.0
ELTILT:,0
PATTYP:,ENVELOPE
NOFREQ:,NA
PATFRE:,NA
NUMCUT:,4
PATCUT:,AZ
POLARI:,H/H
NUPOIN:,37
-180.00,-41.00,
-110.00,-41.00,
-69.90,-28.00,
-37.80,-28.00,
-29.70,-24.00,
-24.00,-24.00,
-15.05,-16.00,
-10.50,-16.00,
-10.00,-15.20,
-9.00,-12.60,
-8.00,-10.00,
-7.00,-7.30,
-6.00,-5.20,
-5.00,-3.60,
-4.00,-2.20,
-3.00,-1.10,
-2.00,-0.40,
-1.00,0.00,
0.00,0.00,
1.00,0.00,
2.00,-0.40,
3.00,-1.10,
4.00,-2.20,
5.00,-3.60,
6.00,-5.20,
7.00,-7.30,
8.00,-10.00,
9.00,-12.60,
10.00,-15.20,
10.50,-16.00,
15.05,-16.00,
24.00,-24.00,
29.70,-24.00,
37.80,-28.00,
69.90,-28.00,
110.00,-41.00,
180.00,-41.00,
PATCUT:,AZ
POLARI:,H/V
NUPOIN:,11
-180.00,-45.00,
-32.00,-45.00,
-30.00,-42.00,
-17.70,-42.00,
-10.00,-30.00,
0.00,-30.00,
10.00,-30.00,
17.70,-42.00,
30.00,-42.00,
32.00,-45.00,
180.00,-45.00,
PATCUT:,AZ
POLARI:,V/V
NUPOIN:,33
-180.00,-41.00,
-115.00,-41.00,
-62.00,-25.00,
-36.00,-25.00,
-30.00,-19.00,
-17.00,-19.00,
-14.00,-15.00,
-9.00,-15.00,
-8.00,-12.00,
-7.00,-9.00,
-6.00,-6.40,
-5.00,-4.30,
-4.00,-2.60,
-3.00,-1.30,
-2.00,-0.40,
-1.00,0.00,
0.00,0.00,
1.00,0.00,
2.00,-0.40,
3.00,-1.30,
4.00,-2.60,
5.00,-4.30,
6.00,-6.40,
7.00,-9.00,
8.00,-12.00,
9.00,-15.00,
14.00,-15.00,
17.00,-19.00,
30.00,-19.00,
36.00,-25.00,
62.00,-25.00,
115.00,-41.00,
180.00,-41.00,
PATCUT:,AZ
POLARI:,V/H
NUPOIN:,9
-180.00,-44.00,
-29.50,-44.00,
-15.00,-40.00,
-10.00,-30.00,
0.00,-30.00,
10.00,-30.00,
15.00,-40.00,
29.50,-44.00,
180.00,-44.00,
ENDFIL:,EOF
