REVNUM:,NSMA WG16.99.050
REVDAT:,19990520
ANTMAN:,ANDREW CORPORATION
MODNUM:,FPHP6F-13
PATNUM:,2592
FEDORN:,NA
DESCR1:,
DESCR2:,
DESCR3:,
DESCR4:,
DESCR5:,
DTDATA:,19970410
LOWFRQ:,1350
HGHFRQ:,1535
GUNITS:,DBI/DBR
LWGAIN:,25.2
MDGAIN:,25.8
HGGAIN:,26.2
AZWIDT:,7.70
ELWIDT:,7.70
ATVSWR:,1.30
FRTOBA:,44.0
ELTILT:,0
PATTYP:,ENVELOPE
NOFREQ:,NA
PATFRE:,NA
NUMCUT:,4
PATCUT:,AZ
POLARI:,H/H
NUPOIN:,33
-180.00,-44.00,
-110.00,-44.00,
-75.00,-27.00,
-30.00,-24.00,
-20.00,-16.00,
-15.00,-16.00,
-10.00,-16.00,
-9.00,-12.80,
-8.00,-10.00,
-7.00,-7.50,
-6.00,-5.40,
-5.00,-3.70,
-3.95,-2.30,
-3.00,-1.30,
-2.00,-0.50,
-1.00,-0.10,
0.00,0.00,
1.00,-0.10,
2.00,-0.50,
3.00,-1.30,
3.95,-2.30,
5.00,-3.70,
6.00,-5.40,
7.00,-7.50,
8.00,-10.00,
9.00,-12.80,
10.00,-16.00,
15.00,-16.00,
20.00,-16.00,
30.00,-24.00,
75.00,-27.00,
110.00,-44.00,
180.00,-44.00,
PATCUT:,AZ
POLARI:,H/V
NUPOIN:,15
-180.00,-47.00,
-100.00,-47.00,
-80.00,-42.00,
-45.00,-42.00,
-30.00,-40.00,
-15.00,-40.00,
-10.00,-30.00,
0.00,-30.00,
10.00,-30.00,
15.00,-40.00,
30.00,-40.00,
45.00,-42.00,
80.00,-42.00,
100.00,-47.00,
180.00,-47.00,
PATCUT:,AZ
POLARI:,V/V
NUPOIN:,31
-180.00,-44.00,
-110.00,-44.00,
-90.00,-34.00,
-75.00,-24.00,
-30.00,-23.00,
-27.00,-21.00,
-15.00,-12.00,
-8.00,-12.00,
-7.00,-9.15,
-6.00,-6.75,
-5.00,-4.50,
-4.00,-2.70,
-3.00,-1.35,
-2.00,-0.60,
-1.00,0.00,
0.00,0.00,
1.00,0.00,
2.00,-0.60,
3.00,-1.35,
4.00,-2.70,
5.00,-4.50,
6.00,-6.75,
7.00,-9.15,
8.00,-12.00,
15.00,-12.00,
27.00,-21.00,
30.00,-23.00,
75.00,-24.00,
90.00,-34.00,
110.00,-44.00,
180.00,-44.00,
PATCUT:,AZ
POLARI:,V/H
NUPOIN:,11
-180.00,-46.00,
-100.00,-46.00,
-50.00,-40.00,
-15.00,-40.00,
-10.00,-30.00,
0.00,-30.00,
10.00,-30.00,
15.00,-40.00,
50.00,-40.00,
100.00,-46.00,
180.00,-46.00,
ENDFIL:,EOF
