REVNUM:,NSMA WG16.99.050
REVDAT:,19990520
ANTMAN:,ANDREW CORPORATION
MODNUM:,KPR4F-13
PATNUM:,3484
FEDORN:,NA
DESCR1:,
DESCR2:,
DESCR3:,
DESCR4:,
DESCR5:,
DTDATA:,19960430
LOWFRQ:,1350
HGHFRQ:,1535
GUNITS:,DBI/DBR
LWGAIN:,22.4
MDGAIN:,23.6
HGGAIN:,23.6
AZWIDT:,10.10
ELWIDT:,10.10
ATVSWR:,1.35
FRTOBA:,24.0
ELTILT:,0
PATTYP:,ENVELOPE
NOFREQ:,NA
PATFRE:,NA
NUMCUT:,4
PATCUT:,AZ
POLARI:,H/H
NUPOIN:,37
-180.00,-30.00,
-130.00,-30.00,
-106.00,-26.00,
-51.00,-26.00,
-47.00,-24.00,
-32.00,-24.00,
-22.00,-16.50,
-11.92,-16.50,
-10.34,-12.00,
-9.20,-8.85,
-8.02,-6.30,
-6.96,-4.50,
-5.78,-2.90,
-4.78,-1.90,
-3.80,-1.05,
-2.82,-0.50,
-1.98,-0.15,
-1.28,-0.05,
0.00,-0.00,
1.28,-0.05,
1.98,-0.15,
2.82,-0.50,
3.80,-1.05,
4.78,-1.90,
5.78,-2.90,
6.96,-4.50,
8.02,-6.30,
9.20,-8.85,
10.34,-12.00,
11.92,-16.50,
22.00,-16.50,
32.00,-24.00,
47.00,-24.00,
51.00,-26.00,
106.00,-26.00,
130.00,-30.00,
180.00,-30.00,
PATCUT:,AZ
POLARI:,H/V
NUPOIN:,9
-180.00,-39.00,
-153.00,-39.00,
-133.00,-31.00,
-20.00,-30.00,
0.00,-30.00,
20.00,-30.00,
133.00,-31.00,
153.00,-39.00,
180.00,-39.00,
PATCUT:,AZ
POLARI:,V/V
NUPOIN:,35
-180.00,-24.00,
-125.00,-24.00,
-99.00,-19.50,
-30.00,-19.50,
-20.00,-14.50,
-10.54,-14.50,
-9.60,-11.75,
-9.00,-10.10,
-8.26,-8.25,
-7.58,-6.70,
-6.84,-5.20,
-5.94,-3.80,
-5.00,-2.60,
-4.32,-1.85,
-3.70,-1.25,
-2.12,-0.25,
-1.44,-0.05,
0.00,-0.00,
1.44,-0.05,
2.12,-0.25,
3.70,-1.25,
4.32,-1.85,
5.00,-2.60,
5.94,-3.80,
6.84,-5.20,
7.58,-6.70,
8.26,-8.25,
9.00,-10.10,
9.60,-11.75,
10.54,-14.50,
20.00,-14.50,
30.00,-19.50,
99.00,-19.50,
125.00,-24.00,
180.00,-24.00,
PATCUT:,AZ
POLARI:,V/H
NUPOIN:,11
-180.00,-35.00,
-142.00,-35.00,
-123.00,-32.00,
-40.00,-32.00,
-36.00,-30.00,
0.00,-30.00,
36.00,-30.00,
40.00,-32.00,
123.00,-32.00,
142.00,-35.00,
180.00,-35.00,
ENDFIL:,EOF
