REVNUM:,NSMA WG16.99.050
REVDAT:,19990520
ANTMAN:,ANDREW CORPORATION
MODNUM:,PX10-144
PATNUM:,1571D
FEDORN:,NA
DESCR1:,
DESCR2:,
DESCR3:,
DESCR4:,
DESCR5:,
DTDATA:,19831010
LOWFRQ:,14400
HGHFRQ:,15350
GUNITS:,DBI/DBR
LWGAIN:,50.2
MDGAIN:,50.5
HGGAIN:,50.8
AZWIDT:,0.50
ELWIDT:,0.50
ATVSWR:,1.10
FRTOBA:,58.0
ELTILT:,0
PATTYP:,ENVELOPE
NOFREQ:,NA
PATFRE:,NA
NUMCUT:,4
PATCUT:,AZ
POLARI:,H/H
NUPOIN:,25
-180.00,-58.00,
-105.00,-58.00,
-95.00,-52.00,
-25.00,-47.00,
-15.00,-39.00,
-6.00,-32.00,
-4.00,-32.00,
-2.00,-24.00,
-1.00,-24.00,
-0.60,-10.00,
-0.40,-4.00,
-0.20,-1.00,
0.00,0.00,
0.20,-1.00,
0.40,-4.00,
0.60,-10.00,
1.00,-24.00,
2.00,-24.00,
4.00,-32.00,
6.00,-32.00,
15.00,-39.00,
25.00,-47.00,
95.00,-52.00,
105.00,-58.00,
180.00,-58.00,
PATCUT:,AZ
POLARI:,H/V
NUPOIN:,13
-180.00,-70.00,
-115.00,-70.00,
-25.00,-65.00,
-15.00,-60.00,
-6.00,-44.00,
-2.00,-30.00,
0.00,-30.00,
2.00,-30.00,
6.00,-44.00,
15.00,-60.00,
25.00,-65.00,
115.00,-70.00,
180.00,-70.00,
PATCUT:,AZ
POLARI:,V/V
NUPOIN:,29
-180.00,-58.00,
-105.00,-58.00,
-95.00,-52.00,
-25.00,-47.00,
-19.00,-42.00,
-15.00,-42.00,
-12.00,-42.00,
-8.50,-34.00,
-4.50,-34.00,
-2.00,-24.00,
-1.00,-24.00,
-0.60,-10.00,
-0.40,-4.00,
-0.20,-1.00,
0.00,0.00,
0.20,-1.00,
0.40,-4.00,
0.60,-10.00,
1.00,-24.00,
2.00,-24.00,
4.50,-34.00,
8.50,-34.00,
12.00,-42.00,
15.00,-42.00,
19.00,-42.00,
25.00,-47.00,
95.00,-52.00,
105.00,-58.00,
180.00,-58.00,
PATCUT:,AZ
POLARI:,V/H
NUPOIN:,15
-180.00,-70.00,
-115.00,-70.00,
-100.00,-66.00,
-25.00,-65.00,
-15.00,-55.00,
-6.00,-44.00,
-2.00,-30.00,
0.00,-30.00,
2.00,-30.00,
6.00,-44.00,
15.00,-55.00,
25.00,-65.00,
100.00,-66.00,
115.00,-70.00,
180.00,-70.00,
ENDFIL:,EOF
