REVNUM:,NSMA WG16.99.050
REVDAT:,19990520
ANTMAN:,ANDREW CORPORATION
MODNUM:,PX8-144
PATNUM:,1569D
FEDORN:,NA
DESCR1:,
DESCR2:,
DESCR3:,
DESCR4:,
DESCR5:,
DTDATA:,19831010
LOWFRQ:,14400
HGHFRQ:,15350
GUNITS:,DBI/DBR
LWGAIN:,48.3
MDGAIN:,48.6
HGGAIN:,48.9
AZWIDT:,0.60
ELWIDT:,0.60
ATVSWR:,1.10
FRTOBA:,57.0
ELTILT:,0
PATTYP:,ENVELOPE
NOFREQ:,NA
PATFRE:,NA
NUMCUT:,4
PATCUT:,AZ
POLARI:,H/H
NUPOIN:,27
-180.00,-57.00,
-120.00,-57.00,
-110.00,-48.00,
-40.00,-48.00,
-20.00,-39.00,
-15.00,-39.00,
-3.50,-30.00,
-2.00,-24.00,
-1.00,-24.00,
-0.90,-20.00,
-0.50,-10.00,
-0.40,-4.00,
-0.20,-1.00,
0.00,0.00,
0.20,-1.00,
0.40,-4.00,
0.50,-10.00,
0.90,-20.00,
1.00,-24.00,
2.00,-24.00,
3.50,-30.00,
15.00,-39.00,
20.00,-39.00,
40.00,-48.00,
110.00,-48.00,
120.00,-57.00,
180.00,-57.00,
PATCUT:,AZ
POLARI:,H/V
NUPOIN:,13
-180.00,-57.00,
-120.00,-57.00,
-15.00,-55.00,
-10.00,-42.00,
-1.50,-40.00,
-1.00,-30.00,
0.00,-30.00,
1.00,-30.00,
1.50,-40.00,
10.00,-42.00,
15.00,-55.00,
120.00,-57.00,
180.00,-57.00,
PATCUT:,AZ
POLARI:,V/V
NUPOIN:,27
-180.00,-62.00,
-125.00,-62.00,
-110.00,-48.00,
-40.00,-48.00,
-24.00,-41.00,
-15.00,-41.00,
-4.00,-32.00,
-2.00,-24.00,
-1.00,-24.00,
-0.90,-20.00,
-0.50,-10.00,
-0.40,-4.00,
-0.20,-1.00,
0.00,0.00,
0.20,-1.00,
0.40,-4.00,
0.50,-10.00,
0.90,-20.00,
1.00,-24.00,
2.00,-24.00,
4.00,-32.00,
15.00,-41.00,
24.00,-41.00,
40.00,-48.00,
110.00,-48.00,
125.00,-62.00,
180.00,-62.00,
PATCUT:,AZ
POLARI:,V/H
NUPOIN:,13
-180.00,-62.00,
-125.00,-62.00,
-15.00,-55.00,
-10.00,-49.00,
-1.50,-42.00,
-1.00,-30.00,
0.00,-30.00,
1.00,-30.00,
1.50,-42.00,
10.00,-49.00,
15.00,-55.00,
125.00,-62.00,
180.00,-62.00,
ENDFIL:,EOF
