REVNUM:,NSMA WG16.99.050
REVDAT:,19990520
ANTMAN:,ANDREW CORPORATION
MODNUM:,P8-144
PATNUM:,1505E
FEDORN:,NA
DESCR1:,
DESCR2:,
DESCR3:,
DESCR4:,
DESCR5:,
DTDATA:,19810119
LOWFRQ:,14400
HGHFRQ:,15350
GUNITS:,DBI/DBR
LWGAIN:,48.3
MDGAIN:,48.6
HGGAIN:,48.9
AZWIDT:,0.60
ELWIDT:,0.60
ATVSWR:,1.10
FRTOBA:,57.0
ELTILT:,0
PATTYP:,ENVELOPE
NOFREQ:,NA
PATFRE:,NA
NUMCUT:,4
PATCUT:,AZ
POLARI:,H/H
NUPOIN:,23
-180.00,-57.00,
-175.00,-57.00,
-168.50,-65.00,
-130.00,-65.00,
-110.00,-49.00,
-40.00,-49.00,
-15.00,-47.00,
-4.50,-36.00,
-1.00,-20.00,
-0.50,-3.00,
-0.30,-1.00,
0.00,0.00,
0.30,-1.00,
0.50,-3.00,
1.00,-20.00,
4.50,-36.00,
15.00,-47.00,
40.00,-49.00,
110.00,-49.00,
130.00,-65.00,
168.50,-65.00,
175.00,-57.00,
180.00,-57.00,
PATCUT:,AZ
POLARI:,H/V
NUPOIN:,19
-180.00,-57.00,
-175.00,-57.00,
-168.50,-65.00,
-130.00,-65.00,
-124.00,-60.00,
-15.00,-60.00,
-9.90,-50.10,
-1.50,-40.00,
-1.00,-30.00,
0.00,-30.00,
1.00,-30.00,
1.50,-40.00,
9.90,-50.10,
15.00,-60.00,
124.00,-60.00,
130.00,-65.00,
168.50,-65.00,
175.00,-57.00,
180.00,-57.00,
PATCUT:,AZ
POLARI:,V/V
NUPOIN:,23
-180.00,-57.00,
-175.00,-57.00,
-168.50,-65.00,
-130.00,-65.00,
-110.00,-51.00,
-45.00,-51.00,
-15.00,-40.00,
-3.50,-31.90,
-1.00,-20.00,
-0.50,-3.00,
-0.30,-1.00,
0.00,0.00,
0.30,-1.00,
0.50,-3.00,
1.00,-20.00,
3.50,-31.90,
15.00,-40.00,
45.00,-51.00,
110.00,-51.00,
130.00,-65.00,
168.50,-65.00,
175.00,-57.00,
180.00,-57.00,
PATCUT:,AZ
POLARI:,V/H
NUPOIN:,19
-180.00,-57.00,
-175.00,-57.00,
-168.50,-65.00,
-130.00,-65.00,
-124.00,-60.00,
-13.00,-60.00,
-1.50,-42.00,
-1.50,-40.00,
-1.00,-30.00,
0.00,-30.00,
1.00,-30.00,
1.50,-40.00,
1.50,-42.00,
13.00,-60.00,
124.00,-60.00,
130.00,-65.00,
168.50,-65.00,
175.00,-57.00,
180.00,-57.00,
ENDFIL:,EOF
