REVNUM:,NSMA WG16.99.050
REVDAT:,19990520
ANTMAN:,ANDREW CORPORATION
MODNUM:,PX4-144
PATNUM:,1565C
FEDORN:,NA
DESCR1:,
DESCR2:,
DESCR3:,
DESCR4:,
DESCR5:,
DTDATA:,19790731
LOWFRQ:,14400
HGHFRQ:,15350
GUNITS:,DBI/DBR
LWGAIN:,42.3
MDGAIN:,42.5
HGGAIN:,42.8
AZWIDT:,1.20
ELWIDT:,1.20
ATVSWR:,1.10
FRTOBA:,48.0
ELTILT:,0
PATTYP:,ENVELOPE
NOFREQ:,NA
PATFRE:,NA
NUMCUT:,4
PATCUT:,AZ
POLARI:,H/H
NUPOIN:,25
-180.00,-48.00,
-175.00,-48.00,
-170.00,-52.00,
-130.00,-52.00,
-110.00,-40.00,
-15.00,-34.00,
-7.00,-30.00,
-2.00,-18.00,
-1.20,-18.00,
-1.00,-14.00,
-1.00,-3.00,
-0.50,-0.70,
0.00,0.00,
0.50,-0.70,
1.00,-3.00,
1.00,-14.00,
1.20,-18.00,
2.00,-18.00,
7.00,-30.00,
15.00,-34.00,
110.00,-40.00,
130.00,-52.00,
170.00,-52.00,
175.00,-48.00,
180.00,-48.00,
PATCUT:,AZ
POLARI:,H/V
NUPOIN:,13
-180.00,-57.00,
-130.00,-57.00,
-40.00,-55.00,
-20.00,-42.00,
-1.70,-42.00,
-1.00,-30.00,
0.00,-30.00,
1.00,-30.00,
1.70,-42.00,
20.00,-42.00,
40.00,-55.00,
130.00,-57.00,
180.00,-57.00,
PATCUT:,AZ
POLARI:,V/V
NUPOIN:,27
-180.00,-56.00,
-130.00,-56.00,
-109.50,-41.10,
-40.00,-39.90,
-26.00,-34.90,
-15.00,-34.00,
-10.20,-28.00,
-2.80,-25.00,
-2.00,-18.00,
-1.20,-18.00,
-1.00,-14.00,
-1.00,-3.00,
-0.50,-0.70,
0.00,0.00,
0.50,-0.70,
1.00,-3.00,
1.00,-14.00,
1.20,-18.00,
2.00,-18.00,
2.80,-25.00,
10.20,-28.00,
15.00,-34.00,
26.00,-34.90,
40.00,-39.90,
109.50,-41.10,
130.00,-56.00,
180.00,-56.00,
PATCUT:,AZ
POLARI:,V/H
NUPOIN:,13
-180.00,-56.00,
-130.00,-56.00,
-38.00,-54.00,
-23.00,-44.00,
-1.80,-44.00,
-1.00,-30.00,
0.00,-30.00,
1.00,-30.00,
1.80,-44.00,
23.00,-44.00,
38.00,-54.00,
130.00,-56.00,
180.00,-56.00,
ENDFIL:,EOF
