REVNUM:,NSMA WG16.99.050
REVDAT:,19990520
ANTMAN:,ANDREW CORPORATION
MODNUM:,P10-144
PATNUM:,1507E
FEDORN:,NA
DESCR1:,
DESCR2:,
DESCR3:,
DESCR4:,
DESCR5:,
DTDATA:,19840119
LOWFRQ:,14400
HGHFRQ:,15350
GUNITS:,DBI/DBR
LWGAIN:,50.2
MDGAIN:,50.5
HGGAIN:,50.8
AZWIDT:,0.50
ELWIDT:,0.50
ATVSWR:,1.10
FRTOBA:,58.0
ELTILT:,0
PATTYP:,ENVELOPE
NOFREQ:,NA
PATFRE:,NA
NUMCUT:,4
PATCUT:,AZ
POLARI:,H/H
NUPOIN:,21
-180.00,-58.00,
-109.00,-58.00,
-100.00,-49.00,
-15.00,-48.00,
-9.90,-45.00,
-4.00,-32.90,
-2.00,-23.90,
-1.00,-23.90,
-0.50,-4.00,
-0.30,-1.00,
0.00,0.00,
0.30,-1.00,
0.50,-4.00,
1.00,-23.90,
2.00,-23.90,
4.00,-32.90,
9.90,-45.00,
15.00,-48.00,
100.00,-49.00,
109.00,-58.00,
180.00,-58.00,
PATCUT:,AZ
POLARI:,H/V
NUPOIN:,11
-180.00,-58.00,
-105.00,-58.00,
-15.00,-55.00,
-3.00,-50.00,
-0.90,-30.00,
0.00,-30.00,
0.90,-30.00,
3.00,-50.00,
15.00,-55.00,
105.00,-58.00,
180.00,-58.00,
PATCUT:,AZ
POLARI:,V/V
NUPOIN:,23
-180.00,-58.00,
-109.00,-58.00,
-102.50,-54.00,
-50.00,-54.00,
-20.00,-42.00,
-10.00,-42.00,
-7.50,-34.90,
-3.50,-34.90,
-1.00,-23.90,
-0.50,-4.00,
-0.30,-1.00,
0.00,0.00,
0.30,-1.00,
0.50,-4.00,
1.00,-23.90,
3.50,-34.90,
7.50,-34.90,
10.00,-42.00,
20.00,-42.00,
50.00,-54.00,
102.50,-54.00,
109.00,-58.00,
180.00,-58.00,
PATCUT:,AZ
POLARI:,V/H
NUPOIN:,15
-180.00,-58.00,
-105.00,-58.00,
-15.00,-55.00,
-10.00,-52.10,
-6.00,-44.90,
-2.50,-44.90,
-0.90,-30.00,
0.00,-30.00,
0.90,-30.00,
2.50,-44.90,
6.00,-44.90,
10.00,-52.10,
15.00,-55.00,
105.00,-58.00,
180.00,-58.00,
ENDFIL:,EOF
