REVNUM:,NSMA WG16.99.050
REVDAT:,19990520
ANTMAN:,ANDREW CORPORATION
MODNUM:,PL15F-17
PATNUM:,1377E
FEDORN:,NA
DESCR1:,
DESCR2:,
DESCR3:,
DESCR4:,
DESCR5:,
DTDATA:,19900718
LOWFRQ:,1700
HGHFRQ:,2110
GUNITS:,DBI/DBR
LWGAIN:,35.7
MDGAIN:,36.6
HGGAIN:,37.5
AZWIDT:,2.40
ELWIDT:,2.40
ATVSWR:,1.10
FRTOBA:,48.0
ELTILT:,0
PATTYP:,ENVELOPE
NOFREQ:,NA
PATFRE:,NA
NUMCUT:,4
PATCUT:,AZ
POLARI:,H/H
NUPOIN:,25
-180.00,-48.00,
-110.00,-48.00,
-90.00,-35.00,
-75.00,-35.00,
-47.00,-38.00,
-20.00,-34.00,
-15.00,-29.00,
-10.00,-25.00,
-4.00,-22.00,
-2.50,-10.00,
-1.75,-4.80,
-0.92,-1.16,
0.00,0.00,
0.92,-1.16,
1.75,-4.80,
2.50,-10.00,
4.00,-22.00,
10.00,-25.00,
15.00,-29.00,
20.00,-34.00,
47.00,-38.00,
75.00,-35.00,
90.00,-35.00,
110.00,-48.00,
180.00,-48.00,
PATCUT:,AZ
POLARI:,H/V
NUPOIN:,7
-180.00,-50.00,
-10.00,-50.00,
-2.50,-30.00,
0.00,-30.00,
2.50,-30.00,
10.00,-50.00,
180.00,-50.00,
PATCUT:,AZ
POLARI:,V/V
NUPOIN:,25
-180.00,-48.00,
-110.00,-48.00,
-90.00,-35.00,
-75.00,-35.00,
-47.00,-38.00,
-20.00,-34.00,
-15.00,-29.00,
-10.00,-25.00,
-4.00,-22.00,
-2.50,-10.00,
-1.75,-4.80,
-0.92,-1.16,
0.00,0.00,
0.92,-1.16,
1.75,-4.80,
2.50,-10.00,
4.00,-22.00,
10.00,-25.00,
15.00,-29.00,
20.00,-34.00,
47.00,-38.00,
75.00,-35.00,
90.00,-35.00,
110.00,-48.00,
180.00,-48.00,
PATCUT:,AZ
POLARI:,V/H
NUPOIN:,7
-180.00,-50.00,
-10.00,-50.00,
-2.50,-30.00,
0.00,-30.00,
2.50,-30.00,
10.00,-50.00,
180.00,-50.00,
ENDFIL:,EOF
