REVNUM:,NSMA WG16.99.050
REVDAT:,19990520
ANTMAN:,ANDREW CORPORATION
MODNUM:,FPX10-17
PATNUM:,6209
FEDORN:,NA
DESCR1:,
DESCR2:,
DESCR3:,
DESCR4:,
DESCR5:,
DTDATA:,19790117
LOWFRQ:,1700
HGHFRQ:,2110
GUNITS:,DBI/DBR
LWGAIN:,31.5
MDGAIN:,32.3
HGGAIN:,33.1
AZWIDT:,3.70
ELWIDT:,3.70
ATVSWR:,1.10
FRTOBA:,50.0
ELTILT:,0
PATTYP:,ENVELOPE
NOFREQ:,NA
PATFRE:,NA
NUMCUT:,4
PATCUT:,AZ
POLARI:,H/H
NUPOIN:,27
-180.00,-50.00,
-140.00,-50.00,
-100.00,-34.00,
-41.00,-25.00,
-30.00,-25.00,
-30.00,-23.20,
-15.00,-21.00,
-6.00,-20.00,
-2.50,-5.00,
-2.00,-3.20,
-1.50,-2.00,
-1.00,-0.90,
-0.50,-0.20,
0.00,0.00,
0.50,-0.20,
1.00,-0.90,
1.50,-2.00,
2.00,-3.20,
2.50,-5.00,
6.00,-20.00,
15.00,-21.00,
30.00,-23.20,
30.00,-25.00,
41.00,-25.00,
100.00,-34.00,
140.00,-50.00,
180.00,-50.00,
PATCUT:,AZ
POLARI:,H/V
NUPOIN:,11
-180.00,-50.00,
-110.00,-50.00,
-90.00,-42.00,
-15.00,-32.00,
-5.00,-30.00,
0.00,-30.00,
5.00,-30.00,
15.00,-32.00,
90.00,-42.00,
110.00,-50.00,
180.00,-50.00,
PATCUT:,AZ
POLARI:,V/V
NUPOIN:,21
-180.00,-50.00,
-125.00,-50.00,
-100.00,-37.00,
-15.00,-23.00,
-6.00,-20.00,
-2.50,-5.00,
-2.00,-3.20,
-1.50,-2.00,
-1.00,-0.90,
-0.50,-0.20,
0.00,0.00,
0.50,-0.20,
1.00,-0.90,
1.50,-2.00,
2.00,-3.20,
2.50,-5.00,
6.00,-20.00,
15.00,-23.00,
100.00,-37.00,
125.00,-50.00,
180.00,-50.00,
PATCUT:,AZ
POLARI:,V/H
NUPOIN:,11
-180.00,-50.00,
-110.00,-50.00,
-90.00,-42.00,
-15.00,-32.00,
-5.00,-30.00,
0.00,-30.00,
5.00,-30.00,
15.00,-32.00,
90.00,-42.00,
110.00,-50.00,
180.00,-50.00,
ENDFIL:,EOF
