REVNUM:,NSMA WG16.99.050
REVDAT:,19990520
ANTMAN:,ANDREW CORPORATION
MODNUM:,HP8F-17
PATNUM:,2252C
FEDORN:,NA
DESCR1:,
DESCR2:,
DESCR3:,
DESCR4:,
DESCR5:,
DTDATA:,19810805
LOWFRQ:,1700
HGHFRQ:,2110
GUNITS:,DBI/DBR
LWGAIN:,30.2
MDGAIN:,31.1
HGGAIN:,32.0
AZWIDT:,4.50
ELWIDT:,4.50
ATVSWR:,1.10
FRTOBA:,50.0
ELTILT:,0
PATTYP:,ENVELOPE
NOFREQ:,NA
PATFRE:,NA
NUMCUT:,4
PATCUT:,AZ
POLARI:,H/H
NUPOIN:,35
-180.00,-50.00,
-100.00,-50.00,
-100.00,-46.00,
-75.00,-34.00,
-50.00,-34.00,
-35.00,-30.00,
-30.00,-30.00,
-30.00,-29.00,
-15.00,-25.00,
-11.00,-22.00,
-6.40,-21.00,
-4.00,-7.20,
-3.00,-3.20,
-2.00,-1.50,
-1.50,-1.00,
-1.00,-0.50,
-0.50,-0.30,
0.00,0.00,
0.50,-0.30,
1.00,-0.50,
1.50,-1.00,
2.00,-1.50,
3.00,-3.20,
4.00,-7.20,
6.40,-21.00,
11.00,-22.00,
15.00,-25.00,
30.00,-29.00,
30.00,-30.00,
35.00,-30.00,
50.00,-34.00,
75.00,-34.00,
100.00,-46.00,
100.00,-50.00,
180.00,-50.00,
PATCUT:,AZ
POLARI:,H/V
NUPOIN:,11
-180.00,-50.00,
-100.00,-50.00,
-75.00,-45.00,
-15.00,-45.00,
-5.00,-30.00,
0.00,-30.00,
5.00,-30.00,
15.00,-45.00,
75.00,-45.00,
100.00,-50.00,
180.00,-50.00,
PATCUT:,AZ
POLARI:,V/V
NUPOIN:,35
-180.00,-50.00,
-100.00,-50.00,
-100.00,-46.00,
-75.00,-34.00,
-50.00,-34.00,
-35.00,-30.00,
-30.00,-30.00,
-30.00,-29.00,
-15.00,-25.00,
-11.00,-22.00,
-6.40,-21.00,
-4.00,-7.20,
-3.00,-3.20,
-2.00,-1.50,
-1.50,-1.00,
-1.00,-0.50,
-0.50,-0.30,
0.00,0.00,
0.50,-0.30,
1.00,-0.50,
1.50,-1.00,
2.00,-1.50,
3.00,-3.20,
4.00,-7.20,
6.40,-21.00,
11.00,-22.00,
15.00,-25.00,
30.00,-29.00,
30.00,-30.00,
35.00,-30.00,
50.00,-34.00,
75.00,-34.00,
100.00,-46.00,
100.00,-50.00,
180.00,-50.00,
PATCUT:,AZ
POLARI:,V/H
NUPOIN:,11
-180.00,-50.00,
-100.00,-50.00,
-75.00,-45.00,
-15.00,-45.00,
-5.00,-30.00,
0.00,-30.00,
5.00,-30.00,
15.00,-45.00,
75.00,-45.00,
100.00,-50.00,
180.00,-50.00,
ENDFIL:,EOF
