REVNUM:,NSMA WG16.99.050
REVDAT:,19990520
ANTMAN:,ANDREW CORPORATION
MODNUM:,KP13F-17
PATNUM:,2982B
FEDORN:,NA
DESCR1:,
DESCR2:,
DESCR3:,
DESCR4:,
DESCR5:,
DTDATA:,19920407
LOWFRQ:,1700
HGHFRQ:,2110
GUNITS:,DBI/DBR
LWGAIN:,34.3
MDGAIN:,35.3
HGGAIN:,36.2
AZWIDT:,3.00
ELWIDT:,3.00
ATVSWR:,1.10
FRTOBA:,40.0
ELTILT:,0
PATTYP:,ENVELOPE
NOFREQ:,NA
PATFRE:,NA
NUMCUT:,4
PATCUT:,AZ
POLARI:,H/H
NUPOIN:,31
-180.00,-40.00,
-140.00,-40.00,
-130.00,-39.00,
-110.00,-39.00,
-100.00,-33.00,
-40.00,-33.00,
-30.00,-30.00,
-20.00,-30.00,
-15.00,-27.00,
-7.50,-22.00,
-3.50,-17.00,
-2.00,-5.30,
-1.50,-3.00,
-1.00,-1.50,
-0.50,-0.60,
0.00,0.00,
0.50,-0.60,
1.00,-1.50,
1.50,-3.00,
2.00,-5.30,
3.50,-17.00,
7.50,-22.00,
15.00,-27.00,
20.00,-30.00,
30.00,-30.00,
40.00,-33.00,
100.00,-33.00,
110.00,-39.00,
130.00,-39.00,
140.00,-40.00,
180.00,-40.00,
PATCUT:,AZ
POLARI:,H/V
NUPOIN:,15
-180.00,-43.00,
-40.00,-43.00,
-20.00,-40.00,
-15.00,-40.00,
-10.00,-40.00,
-6.00,-38.00,
-3.00,-30.00,
0.00,-30.00,
3.00,-30.00,
6.00,-38.00,
10.00,-40.00,
15.00,-40.00,
20.00,-40.00,
40.00,-43.00,
180.00,-43.00,
PATCUT:,AZ
POLARI:,V/V
NUPOIN:,29
-180.00,-40.00,
-140.00,-40.00,
-130.00,-39.00,
-110.00,-39.00,
-100.00,-34.00,
-30.00,-34.00,
-20.00,-30.00,
-15.00,-27.00,
-7.50,-22.00,
-3.50,-17.00,
-2.00,-5.30,
-1.50,-3.00,
-1.00,-1.50,
-0.50,-0.60,
0.00,0.00,
0.50,-0.60,
1.00,-1.50,
1.50,-3.00,
2.00,-5.30,
3.50,-17.00,
7.50,-22.00,
15.00,-27.00,
20.00,-30.00,
30.00,-34.00,
100.00,-34.00,
110.00,-39.00,
130.00,-39.00,
140.00,-40.00,
180.00,-40.00,
PATCUT:,AZ
POLARI:,V/H
NUPOIN:,15
-180.00,-43.00,
-40.00,-43.00,
-20.00,-40.00,
-15.00,-40.00,
-10.00,-40.00,
-6.00,-38.00,
-3.00,-30.00,
0.00,-30.00,
3.00,-30.00,
6.00,-38.00,
10.00,-40.00,
15.00,-40.00,
20.00,-40.00,
40.00,-43.00,
180.00,-43.00,
ENDFIL:,EOF
