REVNUM:,NSMA WG16.99.050
REVDAT:,19990520
ANTMAN:,ANDREW CORPORATION
MODNUM:,HP10F-17
PATNUM:,2254C
FEDORN:,NA
DESCR1:,
DESCR2:,
DESCR3:,
DESCR4:,
DESCR5:,
DTDATA:,19810508
LOWFRQ:,1700
HGHFRQ:,2110
GUNITS:,DBI/DBR
LWGAIN:,32.1
MDGAIN:,33.1
HGGAIN:,34.1
AZWIDT:,3.70
ELWIDT:,3.70
ATVSWR:,1.10
FRTOBA:,52.0
ELTILT:,0
PATTYP:,ENVELOPE
NOFREQ:,NA
PATFRE:,NA
NUMCUT:,4
PATCUT:,AZ
POLARI:,H/H
NUPOIN:,31
-180.00,-52.00,
-100.00,-52.00,
-100.00,-48.00,
-74.50,-35.00,
-30.00,-35.00,
-24.50,-32.00,
-21.00,-27.00,
-14.00,-27.00,
-14.00,-23.00,
-6.40,-23.00,
-3.00,-7.30,
-2.00,-3.30,
-1.50,-2.00,
-1.00,-0.90,
-0.50,-0.20,
0.00,0.00,
0.50,-0.20,
1.00,-0.90,
1.50,-2.00,
2.00,-3.30,
3.00,-7.30,
6.40,-23.00,
14.00,-23.00,
14.00,-27.00,
21.00,-27.00,
24.50,-32.00,
30.00,-35.00,
74.50,-35.00,
100.00,-48.00,
100.00,-52.00,
180.00,-52.00,
PATCUT:,AZ
POLARI:,H/V
NUPOIN:,15
-180.00,-52.00,
-100.00,-52.00,
-75.00,-43.00,
-47.50,-43.00,
-47.50,-43.90,
-9.00,-43.90,
-4.00,-34.00,
0.00,-34.00,
4.00,-34.00,
9.00,-43.90,
47.50,-43.90,
47.50,-43.00,
75.00,-43.00,
100.00,-52.00,
180.00,-52.00,
PATCUT:,AZ
POLARI:,V/V
NUPOIN:,31
-180.00,-52.00,
-100.00,-52.00,
-100.00,-48.00,
-74.50,-35.00,
-30.00,-35.00,
-24.50,-32.00,
-21.00,-27.00,
-14.00,-27.00,
-14.00,-23.00,
-6.40,-23.00,
-3.00,-7.30,
-2.00,-3.30,
-1.50,-2.00,
-1.00,-0.90,
-0.50,-0.20,
0.00,0.00,
0.50,-0.20,
1.00,-0.90,
1.50,-2.00,
2.00,-3.30,
3.00,-7.30,
6.40,-23.00,
14.00,-23.00,
14.00,-27.00,
21.00,-27.00,
24.50,-32.00,
30.00,-35.00,
74.50,-35.00,
100.00,-48.00,
100.00,-52.00,
180.00,-52.00,
PATCUT:,AZ
POLARI:,V/H
NUPOIN:,15
-180.00,-52.00,
-100.00,-52.00,
-75.00,-43.00,
-47.50,-43.00,
-47.50,-43.90,
-9.00,-43.90,
-4.00,-34.00,
0.00,-34.00,
4.00,-34.00,
9.00,-43.90,
47.50,-43.90,
47.50,-43.00,
75.00,-43.00,
100.00,-52.00,
180.00,-52.00,
ENDFIL:,EOF
