REVNUM:,NSMA WG16.99.050
REVDAT:,19990520
ANTMAN:,ANDREW CORPORATION
MODNUM:,FPX12-17
PATNUM:,6211
FEDORN:,NA
DESCR1:,
DESCR2:,
DESCR3:,
DESCR4:,
DESCR5:,
DTDATA:,19790117
LOWFRQ:,1700
HGHFRQ:,2110
GUNITS:,DBI/DBR
LWGAIN:,33.3
MDGAIN:,34.0
HGGAIN:,34.8
AZWIDT:,3.20
ELWIDT:,3.20
ATVSWR:,1.10
FRTOBA:,52.0
ELTILT:,0
PATTYP:,ENVELOPE
NOFREQ:,NA
PATFRE:,NA
NUMCUT:,4
PATCUT:,AZ
POLARI:,H/H
NUPOIN:,21
-180.00,-52.00,
-120.00,-52.00,
-90.00,-40.00,
-15.00,-23.00,
-4.50,-20.00,
-2.50,-5.00,
-2.00,-3.20,
-1.50,-2.00,
-1.00,-0.90,
-0.50,-0.20,
0.00,0.00,
0.50,-0.20,
1.00,-0.90,
1.50,-2.00,
2.00,-3.20,
2.50,-5.00,
4.50,-20.00,
15.00,-23.00,
90.00,-40.00,
120.00,-52.00,
180.00,-52.00,
PATCUT:,AZ
POLARI:,H/V
NUPOIN:,9
-180.00,-53.00,
-100.00,-53.00,
-15.00,-35.00,
-5.00,-29.00,
0.00,-29.00,
5.00,-29.00,
15.00,-35.00,
100.00,-53.00,
180.00,-53.00,
PATCUT:,AZ
POLARI:,V/V
NUPOIN:,21
-180.00,-52.00,
-120.00,-52.00,
-90.00,-40.00,
-15.00,-25.00,
-4.50,-20.00,
-2.50,-5.00,
-2.00,-3.20,
-1.50,-2.00,
-1.00,-0.90,
-0.50,-0.20,
0.00,0.00,
0.50,-0.20,
1.00,-0.90,
1.50,-2.00,
2.00,-3.20,
2.50,-5.00,
4.50,-20.00,
15.00,-25.00,
90.00,-40.00,
120.00,-52.00,
180.00,-52.00,
PATCUT:,AZ
POLARI:,V/H
NUPOIN:,9
-180.00,-53.00,
-100.00,-53.00,
-15.00,-35.00,
-5.00,-29.00,
0.00,-29.00,
5.00,-29.00,
15.00,-35.00,
100.00,-53.00,
180.00,-53.00,
ENDFIL:,EOF
