REVNUM:,NSMA WG16.99.050
REVDAT:,19990520
ANTMAN:,ANDREW CORPORATION
MODNUM:,HP15F-17
PATNUM:,1381E
FEDORN:,NA
DESCR1:,
DESCR2:,
DESCR3:,
DESCR4:,
DESCR5:,
DTDATA:,19900718
LOWFRQ:,1700
HGHFRQ:,2110
GUNITS:,DBI/DBR
LWGAIN:,35.7
MDGAIN:,36.6
HGGAIN:,37.5
AZWIDT:,2.40
ELWIDT:,2.40
ATVSWR:,1.10
FRTOBA:,58.0
ELTILT:,0
PATTYP:,ENVELOPE
NOFREQ:,NA
PATFRE:,NA
NUMCUT:,4
PATCUT:,AZ
POLARI:,H/H
NUPOIN:,29
-180.00,-58.00,
-100.00,-58.00,
-100.00,-54.00,
-75.00,-38.00,
-50.00,-38.00,
-20.00,-34.00,
-15.00,-29.00,
-10.00,-25.00,
-4.00,-22.00,
-2.30,-9.90,
-1.90,-6.94,
-1.57,-4.96,
-1.24,-2.97,
-0.82,-0.83,
0.00,0.00,
0.82,-0.83,
1.24,-2.97,
1.57,-4.96,
1.90,-6.94,
2.30,-9.90,
4.00,-22.00,
10.00,-25.00,
15.00,-29.00,
20.00,-34.00,
50.00,-38.00,
75.00,-38.00,
100.00,-54.00,
100.00,-58.00,
180.00,-58.00,
PATCUT:,AZ
POLARI:,H/V
NUPOIN:,11
-180.00,-58.00,
-100.00,-58.00,
-75.00,-53.00,
-10.00,-53.00,
-2.50,-30.00,
0.00,-30.00,
2.50,-30.00,
10.00,-53.00,
75.00,-53.00,
100.00,-58.00,
180.00,-58.00,
PATCUT:,AZ
POLARI:,V/V
NUPOIN:,29
-180.00,-58.00,
-100.00,-58.00,
-100.00,-54.00,
-75.00,-38.00,
-50.00,-38.00,
-20.00,-34.00,
-15.00,-29.00,
-10.00,-25.00,
-4.00,-22.00,
-2.30,-9.90,
-1.90,-6.94,
-1.57,-4.96,
-1.24,-2.97,
-0.82,-0.83,
0.00,0.00,
0.82,-0.83,
1.24,-2.97,
1.57,-4.96,
1.90,-6.94,
2.30,-9.90,
4.00,-22.00,
10.00,-25.00,
15.00,-29.00,
20.00,-34.00,
50.00,-38.00,
75.00,-38.00,
100.00,-54.00,
100.00,-58.00,
180.00,-58.00,
PATCUT:,AZ
POLARI:,V/H
NUPOIN:,11
-180.00,-58.00,
-100.00,-58.00,
-75.00,-53.00,
-10.00,-53.00,
-2.50,-30.00,
0.00,-30.00,
2.50,-30.00,
10.00,-53.00,
75.00,-53.00,
100.00,-58.00,
180.00,-58.00,
ENDFIL:,EOF
