REVNUM:,NSMA WG16.99.050
REVDAT:,19990520
ANTMAN:,ANDREW CORPORATION
MODNUM:,FP8F-17
PATNUM:,6219D
FEDORN:,NA
DESCR1:,
DESCR2:,
DESCR3:,
DESCR4:,
DESCR5:,
DTDATA:,19831220
LOWFRQ:,1700
HGHFRQ:,2110
GUNITS:,DBI/DBR
LWGAIN:,29.9
MDGAIN:,30.8
HGGAIN:,31.9
AZWIDT:,4.60
ELWIDT:,4.60
ATVSWR:,1.10
FRTOBA:,49.0
ELTILT:,0
PATTYP:,ENVELOPE
NOFREQ:,NA
PATFRE:,NA
NUMCUT:,4
PATCUT:,AZ
POLARI:,H/H
NUPOIN:,25
-180.00,-49.00,
-126.00,-49.00,
-75.00,-28.00,
-25.00,-28.00,
-15.00,-24.00,
-6.50,-22.00,
-3.00,-4.70,
-2.50,-3.10,
-2.00,-2.00,
-1.50,-1.20,
-1.00,-0.30,
-0.50,-0.10,
0.00,0.00,
0.50,-0.10,
1.00,-0.30,
1.50,-1.20,
2.00,-2.00,
2.50,-3.10,
3.00,-4.70,
6.50,-22.00,
15.00,-24.00,
25.00,-28.00,
75.00,-28.00,
126.00,-49.00,
180.00,-49.00,
PATCUT:,AZ
POLARI:,H/V
NUPOIN:,13
-180.00,-49.00,
-90.00,-49.00,
-70.00,-46.00,
-20.00,-46.00,
-15.00,-44.50,
-5.00,-30.00,
0.00,-30.00,
5.00,-30.00,
15.00,-44.50,
20.00,-46.00,
70.00,-46.00,
90.00,-49.00,
180.00,-49.00,
PATCUT:,AZ
POLARI:,V/V
NUPOIN:,25
-180.00,-49.00,
-126.00,-49.00,
-75.00,-28.00,
-25.00,-28.00,
-15.00,-24.00,
-6.50,-22.00,
-3.00,-4.70,
-2.50,-3.10,
-2.00,-2.00,
-1.50,-1.20,
-1.00,-0.30,
-0.50,-0.10,
0.00,0.00,
0.50,-0.10,
1.00,-0.30,
1.50,-1.20,
2.00,-2.00,
2.50,-3.10,
3.00,-4.70,
6.50,-22.00,
15.00,-24.00,
25.00,-28.00,
75.00,-28.00,
126.00,-49.00,
180.00,-49.00,
PATCUT:,AZ
POLARI:,V/H
NUPOIN:,13
-180.00,-49.00,
-90.00,-49.00,
-70.00,-46.00,
-20.00,-46.00,
-15.00,-44.50,
-5.00,-30.00,
0.00,-30.00,
5.00,-30.00,
15.00,-44.50,
20.00,-46.00,
70.00,-46.00,
90.00,-49.00,
180.00,-49.00,
ENDFIL:,EOF
