REVNUM:,NSMA WG16.99.050
REVDAT:,19990520
ANTMAN:,ANDREW CORPORATION
MODNUM:,FP12F-17
PATNUM:,6223D
FEDORN:,NA
DESCR1:,
DESCR2:,
DESCR3:,
DESCR4:,
DESCR5:,
DTDATA:,19831220
LOWFRQ:,1700
HGHFRQ:,2110
GUNITS:,DBI/DBR
LWGAIN:,33.6
MDGAIN:,34.3
HGGAIN:,35.3
AZWIDT:,3.10
ELWIDT:,3.10
ATVSWR:,1.10
FRTOBA:,54.0
ELTILT:,0
PATTYP:,ENVELOPE
NOFREQ:,NA
PATFRE:,NA
NUMCUT:,4
PATCUT:,AZ
POLARI:,H/H
NUPOIN:,31
-180.00,-54.00,
-160.00,-54.00,
-145.00,-50.00,
-112.50,-49.00,
-80.00,-32.00,
-15.00,-31.00,
-13.00,-24.00,
-4.20,-20.00,
-3.50,-12.30,
-3.00,-8.90,
-2.50,-6.20,
-2.00,-4.20,
-1.50,-2.60,
-1.00,-1.10,
-0.50,-0.30,
0.00,0.00,
0.50,-0.30,
1.00,-1.10,
1.50,-2.60,
2.00,-4.20,
2.50,-6.20,
3.00,-8.90,
3.50,-12.30,
4.20,-20.00,
13.00,-24.00,
15.00,-31.00,
80.00,-32.00,
112.50,-49.00,
145.00,-50.00,
160.00,-54.00,
180.00,-54.00,
PATCUT:,AZ
POLARI:,H/V
NUPOIN:,13
-180.00,-54.00,
-92.80,-54.00,
-80.00,-45.00,
-15.00,-45.00,
-9.90,-45.00,
-3.10,-30.00,
0.00,-30.00,
3.10,-30.00,
9.90,-45.00,
15.00,-45.00,
80.00,-45.00,
92.80,-54.00,
180.00,-54.00,
PATCUT:,AZ
POLARI:,V/V
NUPOIN:,31
-180.00,-54.00,
-160.00,-54.00,
-145.00,-50.00,
-112.50,-49.00,
-80.00,-32.00,
-15.00,-31.00,
-13.00,-24.00,
-4.20,-20.00,
-3.50,-12.30,
-3.00,-8.90,
-2.50,-6.20,
-2.00,-4.20,
-1.50,-2.60,
-1.00,-1.10,
-0.50,-0.30,
0.00,0.00,
0.50,-0.30,
1.00,-1.10,
1.50,-2.60,
2.00,-4.20,
2.50,-6.20,
3.00,-8.90,
3.50,-12.30,
4.20,-20.00,
13.00,-24.00,
15.00,-31.00,
80.00,-32.00,
112.50,-49.00,
145.00,-50.00,
160.00,-54.00,
180.00,-54.00,
PATCUT:,AZ
POLARI:,V/H
NUPOIN:,13
-180.00,-54.00,
-92.80,-54.00,
-80.00,-45.00,
-15.00,-45.00,
-9.90,-45.00,
-3.10,-30.00,
0.00,-30.00,
3.10,-30.00,
9.90,-45.00,
15.00,-45.00,
80.00,-45.00,
92.80,-54.00,
180.00,-54.00,
ENDFIL:,EOF
