REVNUM:,NSMA WG16.99.050
REVDAT:,19990520
ANTMAN:,ANDREW CORPORATION
MODNUM:,HP12F-17
PATNUM:,2256C
FEDORN:,NA
DESCR1:,
DESCR2:,
DESCR3:,
DESCR4:,
DESCR5:,
DTDATA:,19810805
LOWFRQ:,1700
HGHFRQ:,2110
GUNITS:,DBI/DBR
LWGAIN:,33.7
MDGAIN:,34.6
HGGAIN:,35.6
AZWIDT:,3.00
ELWIDT:,3.00
ATVSWR:,1.10
FRTOBA:,56.0
ELTILT:,0
PATTYP:,ENVELOPE
NOFREQ:,NA
PATFRE:,NA
NUMCUT:,4
PATCUT:,AZ
POLARI:,H/H
NUPOIN:,27
-180.00,-56.00,
-100.00,-56.00,
-100.00,-52.00,
-75.00,-36.00,
-45.00,-36.00,
-42.00,-35.00,
-20.50,-32.10,
-15.00,-25.00,
-4.50,-22.00,
-2.00,-5.20,
-1.50,-1.90,
-1.00,-0.80,
-0.50,-0.30,
0.00,0.00,
0.50,-0.30,
1.00,-0.80,
1.50,-1.90,
2.00,-5.20,
4.50,-22.00,
15.00,-25.00,
20.50,-32.10,
42.00,-35.00,
45.00,-36.00,
75.00,-36.00,
100.00,-52.00,
100.00,-56.00,
180.00,-56.00,
PATCUT:,AZ
POLARI:,H/V
NUPOIN:,11
-180.00,-56.00,
-100.00,-56.00,
-75.00,-50.00,
-10.00,-50.00,
-3.00,-30.00,
0.00,-30.00,
3.00,-30.00,
10.00,-50.00,
75.00,-50.00,
100.00,-56.00,
180.00,-56.00,
PATCUT:,AZ
POLARI:,V/V
NUPOIN:,27
-180.00,-56.00,
-100.00,-56.00,
-100.00,-52.00,
-75.00,-36.00,
-45.00,-36.00,
-42.00,-35.00,
-20.50,-32.10,
-15.00,-25.00,
-4.50,-22.00,
-2.00,-5.20,
-1.50,-1.90,
-1.00,-0.80,
-0.50,-0.30,
0.00,0.00,
0.50,-0.30,
1.00,-0.80,
1.50,-1.90,
2.00,-5.20,
4.50,-22.00,
15.00,-25.00,
20.50,-32.10,
42.00,-35.00,
45.00,-36.00,
75.00,-36.00,
100.00,-52.00,
100.00,-56.00,
180.00,-56.00,
PATCUT:,AZ
POLARI:,V/H
NUPOIN:,11
-180.00,-56.00,
-100.00,-56.00,
-75.00,-50.00,
-10.00,-50.00,
-3.00,-30.00,
0.00,-30.00,
3.00,-30.00,
10.00,-50.00,
75.00,-50.00,
100.00,-56.00,
180.00,-56.00,
ENDFIL:,EOF
