REVNUM:,NSMA WG16.99.050
REVDAT:,19990520
ANTMAN:,ANDREW CORPORATION
MODNUM:,FP10F-17
PATNUM:,6221D
FEDORN:,NA
DESCR1:,
DESCR2:,
DESCR3:,
DESCR4:,
DESCR5:,
DTDATA:,19831220
LOWFRQ:,1700
HGHFRQ:,2110
GUNITS:,DBI/DBR
LWGAIN:,31.9
MDGAIN:,32.8
HGGAIN:,33.8
AZWIDT:,3.70
ELWIDT:,3.70
ATVSWR:,1.10
FRTOBA:,51.0
ELTILT:,0
PATTYP:,ENVELOPE
NOFREQ:,NA
PATFRE:,NA
NUMCUT:,4
PATCUT:,AZ
POLARI:,H/H
NUPOIN:,33
-180.00,-51.00,
-160.00,-51.00,
-120.00,-49.00,
-80.00,-30.00,
-25.00,-30.00,
-16.50,-26.40,
-15.00,-26.20,
-13.00,-24.00,
-5.00,-20.00,
-4.00,-12.10,
-3.00,-7.30,
-2.50,-5.40,
-2.00,-3.90,
-1.50,-2.20,
-1.00,-0.80,
-0.50,-0.20,
0.00,0.00,
0.50,-0.20,
1.00,-0.80,
1.50,-2.20,
2.00,-3.90,
2.50,-5.40,
3.00,-7.30,
4.00,-12.10,
5.00,-20.00,
13.00,-24.00,
15.00,-26.20,
16.50,-26.40,
25.00,-30.00,
80.00,-30.00,
120.00,-49.00,
160.00,-51.00,
180.00,-51.00,
PATCUT:,AZ
POLARI:,H/V
NUPOIN:,13
-180.00,-51.00,
-110.00,-51.00,
-65.00,-45.60,
-15.00,-45.50,
-11.20,-45.40,
-4.00,-30.00,
0.00,-30.00,
4.00,-30.00,
11.20,-45.40,
15.00,-45.50,
65.00,-45.60,
110.00,-51.00,
180.00,-51.00,
PATCUT:,AZ
POLARI:,V/V
NUPOIN:,33
-180.00,-51.00,
-160.00,-51.00,
-120.00,-49.00,
-80.00,-30.00,
-25.00,-30.00,
-16.50,-26.40,
-15.00,-26.20,
-13.00,-24.00,
-5.00,-20.00,
-4.00,-12.10,
-3.00,-7.30,
-2.50,-5.40,
-2.00,-3.90,
-1.50,-2.20,
-1.00,-0.80,
-0.50,-0.20,
0.00,0.00,
0.50,-0.20,
1.00,-0.80,
1.50,-2.20,
2.00,-3.90,
2.50,-5.40,
3.00,-7.30,
4.00,-12.10,
5.00,-20.00,
13.00,-24.00,
15.00,-26.20,
16.50,-26.40,
25.00,-30.00,
80.00,-30.00,
120.00,-49.00,
160.00,-51.00,
180.00,-51.00,
PATCUT:,AZ
POLARI:,V/H
NUPOIN:,13
-180.00,-51.00,
-110.00,-51.00,
-65.00,-45.60,
-15.00,-45.50,
-11.20,-45.40,
-4.00,-30.00,
0.00,-30.00,
4.00,-30.00,
11.20,-45.40,
15.00,-45.50,
65.00,-45.60,
110.00,-51.00,
180.00,-51.00,
ENDFIL:,EOF
