REVNUM:,NSMA WG16.99.050
REVDAT:,19990520
ANTMAN:,ANDREW CORPORATION
MODNUM:,PL10F-19
PATNUM:,2206C
FEDORN:,NA
DESCR1:,
DESCR2:,
DESCR3:,
DESCR4:,
DESCR5:,
DTDATA:,19830526
LOWFRQ:,1900
HGHFRQ:,2300
GUNITS:,DBI/DBR
LWGAIN:,32.9
MDGAIN:,33.8
HGGAIN:,34.7
AZWIDT:,3.30
ELWIDT:,0.00
ATVSWR:,1.10
FRTOBA:,44.0
ELTILT:,0
PATTYP:,ENVELOPE
NOFREQ:,NA
PATFRE:,NA
NUMCUT:,4
PATCUT:,AZ
POLARI:,H/H
NUPOIN:,29
-180.00,-44.00,
-105.00,-44.00,
-85.00,-35.50,
-34.00,-35.50,
-25.00,-34.00,
-15.00,-28.70,
-11.00,-23.20,
-6.00,-22.40,
-5.00,-21.00,
-2.30,-5.00,
-2.00,-3.90,
-1.50,-2.10,
-1.00,-1.00,
-0.50,-0.20,
0.00,0.00,
0.50,-0.20,
1.00,-1.00,
1.50,-2.10,
2.00,-3.90,
2.30,-5.00,
5.00,-21.00,
6.00,-22.40,
11.00,-23.20,
15.00,-28.70,
25.00,-34.00,
34.00,-35.50,
85.00,-35.50,
105.00,-44.00,
180.00,-44.00,
PATCUT:,AZ
POLARI:,H/V
NUPOIN:,7
-180.00,-47.00,
-9.00,-47.00,
-4.00,-30.00,
0.00,-30.00,
4.00,-30.00,
9.00,-47.00,
180.00,-47.00,
PATCUT:,AZ
POLARI:,V/V
NUPOIN:,29
-180.00,-44.00,
-105.00,-44.00,
-85.00,-35.50,
-34.00,-35.50,
-25.00,-34.00,
-15.00,-28.70,
-11.00,-23.20,
-6.00,-22.40,
-5.00,-21.00,
-2.30,-5.00,
-2.00,-3.90,
-1.50,-2.10,
-1.00,-1.00,
-0.50,-0.20,
0.00,0.00,
0.50,-0.20,
1.00,-1.00,
1.50,-2.10,
2.00,-3.90,
2.30,-5.00,
5.00,-21.00,
6.00,-22.40,
11.00,-23.20,
15.00,-28.70,
25.00,-34.00,
34.00,-35.50,
85.00,-35.50,
105.00,-44.00,
180.00,-44.00,
PATCUT:,AZ
POLARI:,V/H
NUPOIN:,7
-180.00,-47.00,
-9.00,-47.00,
-4.00,-30.00,
0.00,-30.00,
4.00,-30.00,
9.00,-47.00,
180.00,-47.00,
ENDFIL:,EOF
