REVNUM:,NSMA WG16.99.050
REVDAT:,19990520
ANTMAN:,ANDREW CORPORATION
MODNUM:,FPX12-19
PATNUM:,6415A
FEDORN:,NA
DESCR1:,
DESCR2:,
DESCR3:,
DESCR4:,
DESCR5:,
DTDATA:,19790117
LOWFRQ:,1900
HGHFRQ:,2300
GUNITS:,DBI/DBR
LWGAIN:,34.0
MDGAIN:,34.8
HGGAIN:,34.9
AZWIDT:,2.80
ELWIDT:,0.00
ATVSWR:,1.10
FRTOBA:,52.0
ELTILT:,0
PATTYP:,ENVELOPE
NOFREQ:,NA
PATFRE:,NA
NUMCUT:,4
PATCUT:,AZ
POLARI:,H/H
NUPOIN:,21
-180.00,-54.00,
-120.00,-54.00,
-90.00,-40.00,
-15.00,-23.00,
-4.50,-21.00,
-2.20,-4.00,
-2.00,-3.20,
-1.50,-1.90,
-1.00,-0.80,
-0.50,-0.20,
0.00,0.00,
0.50,-0.20,
1.00,-0.80,
1.50,-1.90,
2.00,-3.20,
2.20,-4.00,
4.50,-21.00,
15.00,-23.00,
90.00,-40.00,
120.00,-54.00,
180.00,-54.00,
PATCUT:,AZ
POLARI:,H/V
NUPOIN:,9
-180.00,-55.00,
-100.00,-55.00,
-15.00,-35.00,
-5.00,-29.00,
0.00,-29.00,
5.00,-29.00,
15.00,-35.00,
100.00,-55.00,
180.00,-55.00,
PATCUT:,AZ
POLARI:,V/V
NUPOIN:,21
-180.00,-54.00,
-120.00,-54.00,
-90.00,-40.00,
-15.00,-25.00,
-4.50,-21.00,
-2.20,-4.00,
-2.00,-3.20,
-1.50,-1.90,
-1.00,-0.80,
-0.50,-0.20,
0.00,0.00,
0.50,-0.20,
1.00,-0.80,
1.50,-1.90,
2.00,-3.20,
2.20,-4.00,
4.50,-21.00,
15.00,-25.00,
90.00,-40.00,
120.00,-54.00,
180.00,-54.00,
PATCUT:,AZ
POLARI:,V/H
NUPOIN:,9
-180.00,-55.00,
-100.00,-55.00,
-15.00,-35.00,
-5.00,-29.00,
0.00,-29.00,
5.00,-29.00,
15.00,-35.00,
100.00,-55.00,
180.00,-55.00,
ENDFIL:,EOF
