REVNUM:,NSMA WG16.99.050
REVDAT:,19990520
ANTMAN:,ANDREW CORPORATION
MODNUM:,PL10F-19
PATNUM:,1403D
FEDORN:,NA
DESCR1:,
DESCR2:,
DESCR3:,
DESCR4:,
DESCR5:,
DTDATA:,19810727
LOWFRQ:,1900
HGHFRQ:,2300
GUNITS:,DBI/DBR
LWGAIN:,32.9
MDGAIN:,33.8
HGGAIN:,34.7
AZWIDT:,3.3
ELWIDT:,3.3
ATVSWR:,1.1
FRTOBA:,44
ELTILT:,0
PATTYP:,ENVELOPE
NOFREQ:,NA
PATFRE:,NA
NUMCUT:,4
PATCUT:,AZ
POLARI:,H/H
NUPOIN:,37
-180.00,-44.00,
-103.30,-44.00,
-85.00,-35.50,
-33.20,-35.50,
-23.60,-34.00,
-15.00,-29.00,
-10.80,-23.30,
-5.90,-22.40,
-4.90,-21.00,
-3.10,-9.80,
-2.30,-6.20,
-2.00,-4.80,
-1.70,-3.50,
-1.30,-2.40,
-1.00,-1.40,
-0.70,-0.60,
-0.30,-0.20,
-0.20,0.00,
0.00,0.00,
0.20,0.00,
0.30,-0.20,
0.70,-0.60,
1.00,-1.40,
1.30,-2.40,
1.70,-3.50,
2.00,-4.80,
2.30,-6.20,
3.10,-9.80,
4.90,-21.00,
5.90,-22.40,
10.80,-23.30,
15.00,-29.00,
23.60,-34.00,
33.20,-35.50,
85.00,-35.50,
103.30,-44.00,
180.00,-44.00,
PATCUT:,AZ
POLARI:,H/V
NUPOIN:,11
-180.00,-47.00,
-15.00,-47.00,
-9.00,-47.00,
-4.00,-30.00,
0.00,-30.00,
0.00,-30.00,
0.00,-30.00,
4.00,-30.00,
9.00,-47.00,
15.00,-47.00,
180.00,-47.00,
PATCUT:,AZ
POLARI:,V/V
NUPOIN:,37
-180.00,-44.00,
-103.30,-44.00,
-85.00,-35.50,
-33.20,-35.50,
-23.60,-34.00,
-15.00,-29.00,
-10.80,-23.30,
-5.90,-22.40,
-4.90,-21.00,
-3.10,-9.80,
-2.30,-6.20,
-2.00,-4.80,
-1.70,-3.50,
-1.30,-2.40,
-1.00,-1.40,
-0.70,-0.60,
-0.30,-0.20,
-0.20,0.00,
0.00,0.00,
0.20,0.00,
0.30,-0.20,
0.70,-0.60,
1.00,-1.40,
1.30,-2.40,
1.70,-3.50,
2.00,-4.80,
2.30,-6.20,
3.10,-9.80,
4.90,-21.00,
5.90,-22.40,
10.80,-23.30,
15.00,-29.00,
23.60,-34.00,
33.20,-35.50,
85.00,-35.50,
103.30,-44.00,
180.00,-44.00,
PATCUT:,AZ
POLARI:,V/H
NUPOIN:,11
-180.00,-47.00,
-15.00,-47.00,
-9.00,-47.00,
-4.00,-30.00,
0.00,-30.00,
0.00,-30.00,
0.00,-30.00,
4.00,-30.00,
9.00,-47.00,
15.00,-47.00,
180.00,-47.00,
ENDFIL:,EOF
