REVNUM:,NSMA WG16.99.050
REVDAT:,19990520
ANTMAN:,ANDREW CORPORATION
MODNUM:,HP12F-19
PATNUM:,2267C
FEDORN:,NA
DESCR1:,
DESCR2:,
DESCR3:,
DESCR4:,
DESCR5:,
DTDATA:,19810805
LOWFRQ:,1900
HGHFRQ:,2300
GUNITS:,DBI/DBR
LWGAIN:,34.5
MDGAIN:,35.4
HGGAIN:,36.3
AZWIDT:,2.80
ELWIDT:,0.00
ATVSWR:,1.10
FRTOBA:,57.0
ELTILT:,0
PATTYP:,ENVELOPE
NOFREQ:,NA
PATFRE:,NA
NUMCUT:,4
PATCUT:,AZ
POLARI:,H/H
NUPOIN:,29
-180.00,-57.00,
-100.00,-57.00,
-74.50,-35.20,
-65.50,-35.20,
-45.00,-38.00,
-38.00,-38.00,
-19.00,-33.20,
-15.00,-30.00,
-10.00,-23.20,
-4.70,-22.40,
-2.00,-5.10,
-1.50,-3.00,
-1.00,-1.20,
-0.50,-0.40,
0.00,0.00,
0.50,-0.40,
1.00,-1.20,
1.50,-3.00,
2.00,-5.10,
4.70,-22.40,
10.00,-23.20,
15.00,-30.00,
19.00,-33.20,
38.00,-38.00,
45.00,-38.00,
65.50,-35.20,
74.50,-35.20,
100.00,-57.00,
180.00,-57.00,
PATCUT:,AZ
POLARI:,H/V
NUPOIN:,11
-180.00,-57.00,
-100.00,-57.00,
-75.00,-49.00,
-8.50,-49.00,
-3.40,-30.00,
0.00,-30.00,
3.40,-30.00,
8.50,-49.00,
75.00,-49.00,
100.00,-57.00,
180.00,-57.00,
PATCUT:,AZ
POLARI:,V/V
NUPOIN:,29
-180.00,-57.00,
-100.00,-57.00,
-74.50,-35.20,
-65.50,-35.20,
-45.00,-38.00,
-38.00,-38.00,
-19.00,-33.20,
-15.00,-30.00,
-10.00,-23.20,
-4.70,-22.40,
-2.00,-5.10,
-1.50,-3.00,
-1.00,-1.20,
-0.50,-0.40,
0.00,0.00,
0.50,-0.40,
1.00,-1.20,
1.50,-3.00,
2.00,-5.10,
4.70,-22.40,
10.00,-23.20,
15.00,-30.00,
19.00,-33.20,
38.00,-38.00,
45.00,-38.00,
65.50,-35.20,
74.50,-35.20,
100.00,-57.00,
180.00,-57.00,
PATCUT:,AZ
POLARI:,V/H
NUPOIN:,11
-180.00,-57.00,
-100.00,-57.00,
-75.00,-49.00,
-8.50,-49.00,
-3.40,-30.00,
0.00,-30.00,
3.40,-30.00,
8.50,-49.00,
75.00,-49.00,
100.00,-57.00,
180.00,-57.00,
ENDFIL:,EOF
