REVNUM:,NSMA WG16.99.050
REVDAT:,19990520
ANTMAN:,ANDREW CORPORATION
MODNUM:,FP10F-19
PATNUM:,6409E
FEDORN:,NA
DESCR1:,
DESCR2:,
DESCR3:,
DESCR4:,
DESCR5:,
DTDATA:,19831219
LOWFRQ:,1900
HGHFRQ:,2300
GUNITS:,DBI/DBR
LWGAIN:,32.2
MDGAIN:,33.1
HGGAIN:,34.0
AZWIDT:,3.30
ELWIDT:,0.00
ATVSWR:,1.10
FRTOBA:,53.0
ELTILT:,0
PATTYP:,ENVELOPE
NOFREQ:,NA
PATFRE:,NA
NUMCUT:,4
PATCUT:,AZ
POLARI:,H/H
NUPOIN:,25
-180.00,-53.00,
-110.00,-53.00,
-80.00,-35.00,
-30.00,-32.00,
-15.00,-27.00,
-12.00,-24.00,
-5.00,-22.00,
-2.50,-5.30,
-2.00,-2.90,
-1.50,-1.40,
-1.00,-0.70,
-0.50,-0.30,
0.00,0.00,
0.50,-0.30,
1.00,-0.70,
1.50,-1.40,
2.00,-2.90,
2.50,-5.30,
5.00,-22.00,
12.00,-24.00,
15.00,-27.00,
30.00,-32.00,
80.00,-35.00,
110.00,-53.00,
180.00,-53.00,
PATCUT:,AZ
POLARI:,H/V
NUPOIN:,11
-180.00,-53.00,
-110.00,-53.00,
-60.00,-46.00,
-11.00,-46.00,
-4.00,-30.00,
0.00,-30.00,
4.00,-30.00,
11.00,-46.00,
60.00,-46.00,
110.00,-53.00,
180.00,-53.00,
PATCUT:,AZ
POLARI:,V/V
NUPOIN:,25
-180.00,-53.00,
-110.00,-53.00,
-80.00,-35.00,
-30.00,-32.00,
-15.00,-27.00,
-12.00,-24.00,
-5.00,-22.00,
-2.50,-5.30,
-2.00,-2.90,
-1.50,-1.40,
-1.00,-0.70,
-0.50,-0.30,
0.00,0.00,
0.50,-0.30,
1.00,-0.70,
1.50,-1.40,
2.00,-2.90,
2.50,-5.30,
5.00,-22.00,
12.00,-24.00,
15.00,-27.00,
30.00,-32.00,
80.00,-35.00,
110.00,-53.00,
180.00,-53.00,
PATCUT:,AZ
POLARI:,V/H
NUPOIN:,11
-180.00,-53.00,
-110.00,-53.00,
-60.00,-46.00,
-11.00,-46.00,
-4.00,-30.00,
0.00,-30.00,
4.00,-30.00,
11.00,-46.00,
60.00,-46.00,
110.00,-53.00,
180.00,-53.00,
ENDFIL:,EOF
