REVNUM:,NSMA WG16.99.050
REVDAT:,19990520
ANTMAN:,ANDREW CORPORATION
MODNUM:,KP13F-19
PATNUM:,2984B
FEDORN:,NA
DESCR1:,
DESCR2:,
DESCR3:,
DESCR4:,
DESCR5:,
DTDATA:,19920407
LOWFRQ:,1900
HGHFRQ:,2300
GUNITS:,DBI/DBR
LWGAIN:,35.3
MDGAIN:,36.2
HGGAIN:,37.0
AZWIDT:,2.80
ELWIDT:,0.00
ATVSWR:,1.10
FRTOBA:,40.0
ELTILT:,0
PATTYP:,ENVELOPE
NOFREQ:,NA
PATFRE:,NA
NUMCUT:,4
PATCUT:,AZ
POLARI:,H/H
NUPOIN:,25
-180.00,-40.00,
-110.00,-40.00,
-100.00,-35.00,
-40.00,-35.00,
-35.00,-33.00,
-15.00,-32.00,
-10.00,-27.00,
-5.00,-18.00,
-3.00,-16.00,
-1.50,-3.30,
-1.00,-1.70,
-0.50,-0.60,
0.00,0.00,
0.50,-0.60,
1.00,-1.70,
1.50,-3.30,
3.00,-16.00,
5.00,-18.00,
10.00,-27.00,
15.00,-32.00,
35.00,-33.00,
40.00,-35.00,
100.00,-35.00,
110.00,-40.00,
180.00,-40.00,
PATCUT:,AZ
POLARI:,H/V
NUPOIN:,9
-180.00,-45.00,
-15.00,-45.00,
-7.50,-42.00,
-3.00,-30.00,
0.00,-30.00,
3.00,-30.00,
7.50,-42.00,
15.00,-45.00,
180.00,-45.00,
PATCUT:,AZ
POLARI:,V/V
NUPOIN:,27
-180.00,-40.00,
-110.00,-40.00,
-100.00,-36.00,
-50.00,-36.00,
-40.00,-35.00,
-20.00,-34.00,
-15.00,-32.00,
-10.00,-27.00,
-5.00,-18.00,
-3.00,-16.00,
-1.50,-3.30,
-1.00,-1.70,
-0.50,-0.60,
0.00,0.00,
0.50,-0.60,
1.00,-1.70,
1.50,-3.30,
3.00,-16.00,
5.00,-18.00,
10.00,-27.00,
15.00,-32.00,
20.00,-34.00,
40.00,-35.00,
50.00,-36.00,
100.00,-36.00,
110.00,-40.00,
180.00,-40.00,
PATCUT:,AZ
POLARI:,V/H
NUPOIN:,9
-180.00,-45.00,
-15.00,-45.00,
-7.50,-42.00,
-3.00,-30.00,
0.00,-30.00,
3.00,-30.00,
7.50,-42.00,
15.00,-45.00,
180.00,-45.00,
ENDFIL:,EOF
