REVNUM:,NSMA WG16.99.050
REVDAT:,19990520
ANTMAN:,ANDREW CORPORATION
MODNUM:,FPX10-19
PATNUM:,6413A
FEDORN:,NA
DESCR1:,
DESCR2:,
DESCR3:,
DESCR4:,
DESCR5:,
DTDATA:,19790117
LOWFRQ:,1900
HGHFRQ:,2300
GUNITS:,DBI/DBR
LWGAIN:,32.3
MDGAIN:,33.1
HGGAIN:,33.9
AZWIDT:,3.30
ELWIDT:,0.00
ATVSWR:,1.10
FRTOBA:,52.0
ELTILT:,0
PATTYP:,ENVELOPE
NOFREQ:,NA
PATFRE:,NA
NUMCUT:,4
PATCUT:,AZ
POLARI:,H/H
NUPOIN:,21
-180.00,-52.00,
-130.00,-52.00,
-90.00,-35.00,
-30.00,-25.00,
-15.00,-22.00,
-5.00,-20.00,
-2.00,-3.00,
-1.50,-1.30,
-1.00,-0.50,
-0.50,-0.20,
0.00,0.00,
0.50,-0.20,
1.00,-0.50,
1.50,-1.30,
2.00,-3.00,
5.00,-20.00,
15.00,-22.00,
30.00,-25.00,
90.00,-35.00,
130.00,-52.00,
180.00,-52.00,
PATCUT:,AZ
POLARI:,H/V
NUPOIN:,9
-180.00,-52.00,
-110.00,-52.00,
-15.00,-32.00,
-5.00,-29.00,
0.00,-29.00,
5.00,-29.00,
15.00,-32.00,
110.00,-52.00,
180.00,-52.00,
PATCUT:,AZ
POLARI:,V/V
NUPOIN:,19
-180.00,-52.00,
-120.00,-52.00,
-75.00,-34.00,
-15.00,-24.00,
-5.00,-20.00,
-2.00,-3.00,
-1.50,-1.30,
-1.00,-0.50,
-0.50,-0.20,
0.00,0.00,
0.50,-0.20,
1.00,-0.50,
1.50,-1.30,
2.00,-3.00,
5.00,-20.00,
15.00,-24.00,
75.00,-34.00,
120.00,-52.00,
180.00,-52.00,
PATCUT:,AZ
POLARI:,V/H
NUPOIN:,9
-180.00,-52.00,
-110.00,-52.00,
-15.00,-32.00,
-5.00,-29.00,
0.00,-29.00,
5.00,-29.00,
15.00,-32.00,
110.00,-52.00,
180.00,-52.00,
ENDFIL:,EOF
