REVNUM:,NSMA WG16.99.050
REVDAT:,19990520
ANTMAN:,ANDREW CORPORATION
MODNUM:,PL15F-19
PATNUM:,1405E
FEDORN:,NA
DESCR1:,
DESCR2:,
DESCR3:,
DESCR4:,
DESCR5:,
DTDATA:,19900710
LOWFRQ:,1900
HGHFRQ:,2300
GUNITS:,DBI/DBR
LWGAIN:,36.5
MDGAIN:,37.4
HGGAIN:,38.3
AZWIDT:,2.20
ELWIDT:,2.20
ATVSWR:,1.10
FRTOBA:,50.0
ELTILT:,0
PATTYP:,ENVELOPE
NOFREQ:,NA
PATFRE:,NA
NUMCUT:,4
PATCUT:,AZ
POLARI:,H/H
NUPOIN:,31
-180.00,-50.00,
-120.86,-50.00,
-94.02,-37.00,
-63.70,-37.00,
-45.32,-40.00,
-35.38,-40.00,
-23.95,-37.00,
-15.00,-30.00,
-10.05,-24.34,
-4.04,-23.00,
-2.39,-9.77,
-1.90,-6.95,
-1.57,-4.80,
-0.99,-1.82,
-0.49,-0.50,
0.00,0.00,
0.49,-0.50,
0.99,-1.82,
1.57,-4.80,
1.90,-6.95,
2.39,-9.77,
4.04,-23.00,
10.05,-24.34,
15.00,-30.00,
23.95,-37.00,
35.38,-40.00,
45.32,-40.00,
63.70,-37.00,
94.02,-37.00,
120.86,-50.00,
180.00,-50.00,
PATCUT:,AZ
POLARI:,H/V
NUPOIN:,17
-180.00,-51.00,
-162.11,-51.00,
-79.61,-51.00,
-15.00,-51.00,
-7.50,-51.00,
-2.47,-30.00,
-1.98,-30.00,
-0.82,-30.00,
0.00,-30.00,
0.82,-30.00,
1.98,-30.00,
2.47,-30.00,
7.50,-51.00,
15.00,-51.00,
79.61,-51.00,
162.11,-51.00,
180.00,-51.00,
PATCUT:,AZ
POLARI:,V/V
NUPOIN:,31
-180.00,-50.00,
-120.86,-50.00,
-94.02,-37.00,
-63.70,-37.00,
-45.32,-40.00,
-35.38,-40.00,
-23.95,-37.00,
-15.00,-30.00,
-10.05,-24.34,
-4.04,-23.00,
-2.39,-9.77,
-1.90,-6.95,
-1.57,-4.80,
-0.99,-1.82,
-0.49,-0.50,
0.00,0.00,
0.49,-0.50,
0.99,-1.82,
1.57,-4.80,
1.90,-6.95,
2.39,-9.77,
4.04,-23.00,
10.05,-24.34,
15.00,-30.00,
23.95,-37.00,
35.38,-40.00,
45.32,-40.00,
63.70,-37.00,
94.02,-37.00,
120.86,-50.00,
180.00,-50.00,
PATCUT:,AZ
POLARI:,V/H
NUPOIN:,17
-180.00,-51.00,
-162.11,-51.00,
-79.61,-51.00,
-15.00,-51.00,
-7.50,-51.00,
-2.47,-30.00,
-1.98,-30.00,
-0.82,-30.00,
0.00,-30.00,
0.82,-30.00,
1.98,-30.00,
2.47,-30.00,
7.50,-51.00,
15.00,-51.00,
79.61,-51.00,
162.11,-51.00,
180.00,-51.00,
ENDFIL:,EOF
