REVNUM:,NSMA WG16.99.050
REVDAT:,19990520
ANTMAN:,ANDREW CORPORATION
MODNUM:,FP12F-19
PATNUM:,6406D
FEDORN:,NA
DESCR1:,
DESCR2:,
DESCR3:,
DESCR4:,
DESCR5:,
DTDATA:,19831219
LOWFRQ:,1900
HGHFRQ:,2300
GUNITS:,DBI/DBR
LWGAIN:,33.8
MDGAIN:,34.7
HGGAIN:,35.6
AZWIDT:,2.80
ELWIDT:,0.00
ATVSWR:,1.10
FRTOBA:,55.0
ELTILT:,0
PATTYP:,ENVELOPE
NOFREQ:,NA
PATFRE:,NA
NUMCUT:,4
PATCUT:,AZ
POLARI:,H/H
NUPOIN:,25
-180.00,-55.00,
-110.00,-55.00,
-80.00,-38.00,
-45.00,-38.00,
-15.00,-29.00,
-10.00,-24.00,
-4.00,-22.00,
-2.50,-8.30,
-2.00,-3.90,
-1.50,-2.00,
-1.00,-0.90,
-0.50,-0.30,
0.00,0.00,
0.50,-0.30,
1.00,-0.90,
1.50,-2.00,
2.00,-3.90,
2.50,-8.30,
4.00,-22.00,
10.00,-24.00,
15.00,-29.00,
45.00,-38.00,
80.00,-38.00,
110.00,-55.00,
180.00,-55.00,
PATCUT:,AZ
POLARI:,H/V
NUPOIN:,13
-180.00,-55.00,
-110.00,-55.00,
-60.00,-48.00,
-15.00,-47.00,
-10.00,-47.00,
-3.50,-30.00,
0.00,-30.00,
3.50,-30.00,
10.00,-47.00,
15.00,-47.00,
60.00,-48.00,
110.00,-55.00,
180.00,-55.00,
PATCUT:,AZ
POLARI:,V/V
NUPOIN:,25
-180.00,-55.00,
-110.00,-55.00,
-80.00,-38.00,
-45.00,-38.00,
-15.00,-29.00,
-10.00,-24.00,
-4.00,-22.00,
-2.50,-8.30,
-2.00,-3.90,
-1.50,-2.00,
-1.00,-0.90,
-0.50,-0.30,
0.00,0.00,
0.50,-0.30,
1.00,-0.90,
1.50,-2.00,
2.00,-3.90,
2.50,-8.30,
4.00,-22.00,
10.00,-24.00,
15.00,-29.00,
45.00,-38.00,
80.00,-38.00,
110.00,-55.00,
180.00,-55.00,
PATCUT:,AZ
POLARI:,V/H
NUPOIN:,13
-180.00,-55.00,
-110.00,-55.00,
-60.00,-48.00,
-15.00,-47.00,
-10.00,-47.00,
-3.50,-30.00,
0.00,-30.00,
3.50,-30.00,
10.00,-47.00,
15.00,-47.00,
60.00,-48.00,
110.00,-55.00,
180.00,-55.00,
ENDFIL:,EOF
