REVNUM:,NSMA WG16.99.050
REVDAT:,19990520
ANTMAN:,ANDREW CORPORATION
MODNUM:,FP8F-19
PATNUM:,6408E
FEDORN:,NA
DESCR1:,
DESCR2:,
DESCR3:,
DESCR4:,
DESCR5:,
DTDATA:,19840104
LOWFRQ:,1900
HGHFRQ:,2300
GUNITS:,DBI/DBR
LWGAIN:,30.5
MDGAIN:,31.4
HGGAIN:,32.2
AZWIDT:,4.10
ELWIDT:,0.00
ATVSWR:,1.10
FRTOBA:,50.0
ELTILT:,0
PATTYP:,ENVELOPE
NOFREQ:,NA
PATFRE:,NA
NUMCUT:,4
PATCUT:,AZ
POLARI:,H/H
NUPOIN:,25
-180.00,-50.00,
-111.00,-50.00,
-80.00,-35.00,
-30.00,-34.00,
-25.00,-28.00,
-15.00,-25.00,
-7.00,-24.00,
-2.50,-3.00,
-2.00,-1.90,
-1.50,-1.00,
-1.00,-0.40,
-0.50,-0.20,
0.00,0.00,
0.50,-0.20,
1.00,-0.40,
1.50,-1.00,
2.00,-1.90,
2.50,-3.00,
7.00,-24.00,
15.00,-25.00,
25.00,-28.00,
30.00,-34.00,
80.00,-35.00,
111.00,-50.00,
180.00,-50.00,
PATCUT:,AZ
POLARI:,H/V
NUPOIN:,11
-180.00,-50.00,
-60.00,-50.00,
-50.00,-46.00,
-15.00,-46.00,
-5.00,-30.00,
0.00,-30.00,
5.00,-30.00,
15.00,-46.00,
50.00,-46.00,
60.00,-50.00,
180.00,-50.00,
PATCUT:,AZ
POLARI:,V/V
NUPOIN:,25
-180.00,-50.00,
-111.00,-50.00,
-80.00,-35.00,
-30.00,-34.00,
-25.00,-28.00,
-15.00,-25.00,
-7.00,-24.00,
-2.50,-3.00,
-2.00,-1.90,
-1.50,-1.00,
-1.00,-0.40,
-0.50,-0.20,
0.00,0.00,
0.50,-0.20,
1.00,-0.40,
1.50,-1.00,
2.00,-1.90,
2.50,-3.00,
7.00,-24.00,
15.00,-25.00,
25.00,-28.00,
30.00,-34.00,
80.00,-35.00,
111.00,-50.00,
180.00,-50.00,
PATCUT:,AZ
POLARI:,V/H
NUPOIN:,11
-180.00,-50.00,
-60.00,-50.00,
-50.00,-46.00,
-15.00,-46.00,
-5.00,-30.00,
0.00,-30.00,
5.00,-30.00,
15.00,-46.00,
50.00,-46.00,
60.00,-50.00,
180.00,-50.00,
ENDFIL:,EOF
