REVNUM:,NSMA WG16.99.050
REVDAT:,19990520
ANTMAN:,ANDREW CORPORATION
MODNUM:,HP8F-19
PATNUM:,2262C
FEDORN:,NA
DESCR1:,
DESCR2:,
DESCR3:,
DESCR4:,
DESCR5:,
DTDATA:,19810805
LOWFRQ:,1900
HGHFRQ:,2300
GUNITS:,DBI/DBR
LWGAIN:,31.0
MDGAIN:,31.9
HGGAIN:,32.8
AZWIDT:,4.10
ELWIDT:,0.00
ATVSWR:,1.10
FRTOBA:,50.0
ELTILT:,0
PATTYP:,ENVELOPE
NOFREQ:,NA
PATFRE:,NA
NUMCUT:,4
PATCUT:,AZ
POLARI:,H/H
NUPOIN:,37
-180.00,-50.00,
-100.00,-50.00,
-100.00,-48.00,
-75.00,-34.00,
-21.50,-34.00,
-19.00,-27.00,
-14.50,-27.00,
-12.50,-23.10,
-8.00,-22.10,
-7.50,-20.50,
-5.10,-20.40,
-5.00,-20.00,
-4.00,-12.40,
-3.00,-6.80,
-2.00,-2.90,
-1.50,-1.80,
-1.00,-0.80,
-0.50,-0.30,
0.00,0.00,
0.50,-0.30,
1.00,-0.80,
1.50,-1.80,
2.00,-2.90,
3.00,-6.80,
4.00,-12.40,
5.00,-20.00,
5.10,-20.40,
7.50,-20.50,
8.00,-22.10,
12.50,-23.10,
14.50,-27.00,
19.00,-27.00,
21.50,-34.00,
75.00,-34.00,
100.00,-48.00,
100.00,-50.00,
180.00,-50.00,
PATCUT:,AZ
POLARI:,H/V
NUPOIN:,11
-180.00,-50.00,
-100.00,-50.00,
-75.00,-44.00,
-10.00,-44.00,
-4.50,-30.00,
0.00,-30.00,
4.50,-30.00,
10.00,-44.00,
75.00,-44.00,
100.00,-50.00,
180.00,-50.00,
PATCUT:,AZ
POLARI:,V/V
NUPOIN:,37
-180.00,-50.00,
-100.00,-50.00,
-100.00,-48.00,
-75.00,-34.00,
-21.50,-34.00,
-19.00,-27.00,
-14.50,-27.00,
-12.50,-23.10,
-8.00,-22.10,
-7.50,-20.50,
-5.10,-20.40,
-5.00,-20.00,
-4.00,-12.40,
-3.00,-6.80,
-2.00,-2.90,
-1.50,-1.80,
-1.00,-0.80,
-0.50,-0.30,
0.00,0.00,
0.50,-0.30,
1.00,-0.80,
1.50,-1.80,
2.00,-2.90,
3.00,-6.80,
4.00,-12.40,
5.00,-20.00,
5.10,-20.40,
7.50,-20.50,
8.00,-22.10,
12.50,-23.10,
14.50,-27.00,
19.00,-27.00,
21.50,-34.00,
75.00,-34.00,
100.00,-48.00,
100.00,-50.00,
180.00,-50.00,
PATCUT:,AZ
POLARI:,V/H
NUPOIN:,11
-180.00,-50.00,
-100.00,-50.00,
-75.00,-44.00,
-10.00,-44.00,
-4.50,-30.00,
0.00,-30.00,
4.50,-30.00,
10.00,-44.00,
75.00,-44.00,
100.00,-50.00,
180.00,-50.00,
ENDFIL:,EOF
