REVNUM:,NSMA WG16.99.050
REVDAT:,19990520
ANTMAN:,ANDREW CORPORATION
MODNUM:,PXL15-19
PATNUM:,1429D
FEDORN:,NA
DESCR1:,
DESCR2:,
DESCR3:,
DESCR4:,
DESCR5:,
DTDATA:,19900716
LOWFRQ:,1900
HGHFRQ:,2300
GUNITS:,DBI/DBR
LWGAIN:,36.5
MDGAIN:,37.4
HGGAIN:,38.3
AZWIDT:,2.20
ELWIDT:,0.00
ATVSWR:,1.10
FRTOBA:,48.0
ELTILT:,0
PATTYP:,ENVELOPE
NOFREQ:,NA
PATFRE:,NA
NUMCUT:,4
PATCUT:,AZ
POLARI:,H/H
NUPOIN:,35
-180.00,-48.00,
-120.00,-48.00,
-100.00,-39.00,
-90.00,-39.00,
-90.00,-40.00,
-30.00,-38.00,
-15.00,-30.20,
-5.00,-25.00,
-3.00,-25.00,
-2.50,-20.00,
-2.00,-14.00,
-1.80,-10.00,
-1.50,-7.00,
-1.10,-5.00,
-1.00,-4.00,
-0.60,-2.00,
-0.50,-1.00,
0.00,0.00,
0.50,-1.00,
0.60,-2.00,
1.00,-4.00,
1.10,-5.00,
1.50,-7.00,
1.80,-10.00,
2.00,-14.00,
2.50,-20.00,
3.00,-25.00,
5.00,-25.00,
15.00,-30.20,
30.00,-38.00,
90.00,-40.00,
90.00,-39.00,
100.00,-39.00,
120.00,-48.00,
180.00,-48.00,
PATCUT:,AZ
POLARI:,H/V
NUPOIN:,13
-180.00,-53.00,
-120.00,-53.00,
-100.00,-46.00,
-30.00,-46.00,
-15.00,-37.00,
-5.60,-28.00,
0.00,-28.00,
5.60,-28.00,
15.00,-37.00,
30.00,-46.00,
100.00,-46.00,
120.00,-53.00,
180.00,-53.00,
PATCUT:,AZ
POLARI:,V/V
NUPOIN:,33
-180.00,-49.00,
-120.00,-49.00,
-100.00,-40.00,
-60.00,-37.00,
-30.00,-37.00,
-15.00,-29.00,
-5.00,-26.00,
-3.00,-25.00,
-2.50,-20.00,
-2.00,-14.00,
-1.80,-10.00,
-1.50,-7.00,
-1.10,-5.00,
-1.00,-4.00,
-0.60,-2.00,
-0.50,-1.00,
0.00,0.00,
0.50,-1.00,
0.60,-2.00,
1.00,-4.00,
1.10,-5.00,
1.50,-7.00,
1.80,-10.00,
2.00,-14.00,
2.50,-20.00,
3.00,-25.00,
5.00,-26.00,
15.00,-29.00,
30.00,-37.00,
60.00,-37.00,
100.00,-40.00,
120.00,-49.00,
180.00,-49.00,
PATCUT:,AZ
POLARI:,V/H
NUPOIN:,13
-180.00,-53.00,
-120.00,-53.00,
-100.00,-46.00,
-30.00,-46.00,
-15.00,-37.00,
-5.60,-28.00,
0.00,-28.00,
5.60,-28.00,
15.00,-37.00,
30.00,-46.00,
100.00,-46.00,
120.00,-53.00,
180.00,-53.00,
ENDFIL:,EOF
