REVNUM:,NSMA WG16.99.050
REVDAT:,19990520
ANTMAN:,ANDREW CORPORATION
MODNUM:,PL12F-19
PATNUM:,2208C
FEDORN:,NA
DESCR1:,
DESCR2:,
DESCR3:,
DESCR4:,
DESCR5:,
DTDATA:,19830526
LOWFRQ:,1900
HGHFRQ:,2300
GUNITS:,DBI/DBR
LWGAIN:,34.5
MDGAIN:,35.4
HGGAIN:,36.3
AZWIDT:,2.80
ELWIDT:,0.00
ATVSWR:,1.10
FRTOBA:,46.0
ELTILT:,0
PATTYP:,ENVELOPE
NOFREQ:,NA
PATFRE:,NA
NUMCUT:,4
PATCUT:,AZ
POLARI:,H/H
NUPOIN:,39
-180.00,-46.00,
-175.00,-46.00,
-175.00,-49.00,
-134.00,-49.00,
-134.00,-48.00,
-120.00,-48.00,
-96.00,-35.50,
-65.00,-35.50,
-43.00,-38.00,
-38.00,-38.00,
-19.50,-33.50,
-15.00,-30.00,
-13.00,-26.00,
-10.00,-23.60,
-4.60,-22.40,
-2.00,-5.50,
-1.50,-3.00,
-1.00,-1.30,
-0.50,-0.40,
0.00,0.00,
0.50,-0.40,
1.00,-1.30,
1.50,-3.00,
2.00,-5.50,
4.60,-22.40,
10.00,-23.60,
13.00,-26.00,
15.00,-30.00,
19.50,-33.50,
38.00,-38.00,
43.00,-38.00,
65.00,-35.50,
96.00,-35.50,
120.00,-48.00,
134.00,-48.00,
134.00,-49.00,
175.00,-49.00,
175.00,-46.00,
180.00,-46.00,
PATCUT:,AZ
POLARI:,H/V
NUPOIN:,7
-180.00,-49.00,
-7.60,-49.00,
-3.50,-30.00,
0.00,-30.00,
3.50,-30.00,
7.60,-49.00,
180.00,-49.00,
PATCUT:,AZ
POLARI:,V/V
NUPOIN:,39
-180.00,-46.00,
-175.00,-46.00,
-175.00,-49.00,
-134.00,-49.00,
-134.00,-48.00,
-120.00,-48.00,
-96.00,-35.50,
-65.00,-35.50,
-43.00,-38.00,
-38.00,-38.00,
-19.50,-33.50,
-15.00,-30.00,
-13.00,-26.00,
-10.00,-23.60,
-4.60,-22.40,
-2.00,-5.50,
-1.50,-3.00,
-1.00,-1.30,
-0.50,-0.40,
0.00,0.00,
0.50,-0.40,
1.00,-1.30,
1.50,-3.00,
2.00,-5.50,
4.60,-22.40,
10.00,-23.60,
13.00,-26.00,
15.00,-30.00,
19.50,-33.50,
38.00,-38.00,
43.00,-38.00,
65.00,-35.50,
96.00,-35.50,
120.00,-48.00,
134.00,-48.00,
134.00,-49.00,
175.00,-49.00,
175.00,-46.00,
180.00,-46.00,
PATCUT:,AZ
POLARI:,V/H
NUPOIN:,7
-180.00,-49.00,
-7.60,-49.00,
-3.50,-30.00,
0.00,-30.00,
3.50,-30.00,
7.60,-49.00,
180.00,-49.00,
ENDFIL:,EOF
