REVNUM:,NSMA WG16.99.050
REVDAT:,19990520
ANTMAN:,ANDREW CORPORATION
MODNUM:,HP10F-19
PATNUM:,2264C
FEDORN:,NA
DESCR1:,
DESCR2:,
DESCR3:,
DESCR4:,
DESCR5:,
DTDATA:,19810805
LOWFRQ:,1900
HGHFRQ:,2300
GUNITS:,DBI/DBR
LWGAIN:,32.9
MDGAIN:,33.8
HGGAIN:,34.7
AZWIDT:,3.30
ELWIDT:,0.00
ATVSWR:,1.10
FRTOBA:,53.0
ELTILT:,0
PATTYP:,ENVELOPE
NOFREQ:,NA
PATFRE:,NA
NUMCUT:,4
PATCUT:,AZ
POLARI:,H/H
NUPOIN:,29
-180.00,-53.00,
-100.00,-53.00,
-75.00,-35.60,
-33.00,-35.60,
-25.00,-34.00,
-15.00,-28.20,
-11.00,-23.20,
-6.00,-22.50,
-5.00,-21.00,
-2.50,-5.90,
-2.00,-3.60,
-1.50,-2.00,
-1.00,-0.90,
-0.50,-0.30,
0.00,0.00,
0.50,-0.30,
1.00,-0.90,
1.50,-2.00,
2.00,-3.60,
2.50,-5.90,
5.00,-21.00,
6.00,-22.50,
11.00,-23.20,
15.00,-28.20,
25.00,-34.00,
33.00,-35.60,
75.00,-35.60,
100.00,-53.00,
180.00,-53.00,
PATCUT:,AZ
POLARI:,H/V
NUPOIN:,11
-180.00,-53.00,
-100.00,-53.00,
-74.00,-47.00,
-9.00,-47.00,
-4.00,-30.00,
0.00,-30.00,
4.00,-30.00,
9.00,-47.00,
74.00,-47.00,
100.00,-53.00,
180.00,-53.00,
PATCUT:,AZ
POLARI:,V/V
NUPOIN:,29
-180.00,-53.00,
-100.00,-53.00,
-75.00,-35.60,
-33.00,-35.60,
-25.00,-34.00,
-15.00,-28.20,
-11.00,-23.20,
-6.00,-22.50,
-5.00,-21.00,
-2.50,-5.90,
-2.00,-3.60,
-1.50,-2.00,
-1.00,-0.90,
-0.50,-0.30,
0.00,0.00,
0.50,-0.30,
1.00,-0.90,
1.50,-2.00,
2.00,-3.60,
2.50,-5.90,
5.00,-21.00,
6.00,-22.50,
11.00,-23.20,
15.00,-28.20,
25.00,-34.00,
33.00,-35.60,
75.00,-35.60,
100.00,-53.00,
180.00,-53.00,
PATCUT:,AZ
POLARI:,V/H
NUPOIN:,11
-180.00,-53.00,
-100.00,-53.00,
-74.00,-47.00,
-9.00,-47.00,
-4.00,-30.00,
0.00,-30.00,
4.00,-30.00,
9.00,-47.00,
74.00,-47.00,
100.00,-53.00,
180.00,-53.00,
ENDFIL:,EOF
