REVNUM:,NSMA WG16.99.050
REVDAT:,19990520
ANTMAN:,ANDREW CORPORATION
MODNUM:,PXL12-19
PATNUM:,1428D
FEDORN:,NA
DESCR1:,
DESCR2:,
DESCR3:,
DESCR4:,
DESCR5:,
DTDATA:,19900716
LOWFRQ:,1900
HGHFRQ:,2300
GUNITS:,DBI/DBR
LWGAIN:,34.6
MDGAIN:,35.5
HGGAIN:,36.4
AZWIDT:,2.80
ELWIDT:,0.00
ATVSWR:,1.10
FRTOBA:,48.0
ELTILT:,0
PATTYP:,ENVELOPE
NOFREQ:,NA
PATFRE:,NA
NUMCUT:,4
PATCUT:,AZ
POLARI:,H/H
NUPOIN:,27
-180.00,-48.00,
-120.00,-48.00,
-90.00,-39.00,
-50.00,-34.00,
-30.00,-34.00,
-20.00,-28.20,
-5.00,-23.00,
-3.07,-23.00,
-2.80,-20.00,
-2.40,-12.00,
-1.50,-5.00,
-1.00,-2.00,
-0.50,-1.00,
0.00,0.00,
0.50,-1.00,
1.00,-2.00,
1.50,-5.00,
2.40,-12.00,
2.80,-20.00,
3.07,-23.00,
5.00,-23.00,
20.00,-28.20,
30.00,-34.00,
50.00,-34.00,
90.00,-39.00,
120.00,-48.00,
180.00,-48.00,
PATCUT:,AZ
POLARI:,H/V
NUPOIN:,17
-180.00,-50.00,
-115.00,-50.00,
-90.00,-44.70,
-40.00,-41.00,
-20.00,-39.90,
-15.00,-38.90,
-5.00,-28.00,
-1.00,-28.00,
0.00,-31.79,
1.00,-28.00,
5.00,-28.00,
15.00,-38.90,
20.00,-39.90,
40.00,-41.00,
90.00,-44.70,
115.00,-50.00,
180.00,-50.00,
PATCUT:,AZ
POLARI:,V/V
NUPOIN:,31
-180.00,-49.00,
-120.00,-49.00,
-90.00,-37.00,
-40.00,-32.00,
-30.00,-32.00,
-18.00,-27.00,
-10.20,-26.00,
-9.30,-23.00,
-6.50,-22.00,
-3.00,-22.00,
-2.80,-20.00,
-2.40,-12.00,
-1.50,-5.00,
-1.00,-2.00,
-0.50,-1.00,
0.00,0.00,
0.50,-1.00,
1.00,-2.00,
1.50,-5.00,
2.40,-12.00,
2.80,-20.00,
3.00,-22.00,
6.50,-22.00,
9.30,-23.00,
10.20,-26.00,
18.00,-27.00,
30.00,-32.00,
40.00,-32.00,
90.00,-37.00,
120.00,-49.00,
180.00,-49.00,
PATCUT:,AZ
POLARI:,V/H
NUPOIN:,17
-180.00,-50.00,
-115.00,-50.00,
-90.00,-44.70,
-40.00,-41.00,
-20.00,-39.90,
-15.00,-38.90,
-5.00,-28.00,
-1.00,-28.00,
0.00,-31.79,
1.00,-28.00,
5.00,-28.00,
15.00,-38.90,
20.00,-39.90,
40.00,-41.00,
90.00,-44.70,
115.00,-50.00,
180.00,-50.00,
ENDFIL:,EOF
