REVNUM:,NSMA WG16.99.050
REVDAT:,19990520
ANTMAN:,ANDREW CORPORATION
MODNUM:,VHPX4A-220A
PATNUM:,3974
FEDORN:,NA
DESCR1:,
DESCR2:,
DESCR3:,
DESCR4:,
DESCR5:,
DTDATA:,19940331
LOWFRQ:,21200
HGHFRQ:,23600
GUNITS:,DBI/DBR
LWGAIN:,45.5
MDGAIN:,46.0
HGGAIN:,46.5
AZWIDT:,0.80
ELWIDT:,0.80
ATVSWR:,1.25
FRTOBA:,63.0
ELTILT:,0
PATTYP:,ENVELOPE
NOFREQ:,NA
PATFRE:,NA
NUMCUT:,4
PATCUT:,AZ
POLARI:,H/H
NUPOIN:,53
-180.0,-63.0,
-95.0,-63.0,
-85.0,-60.6,
-75.0,-60.6,
-60.0,-50.0,
-50.0,-47.2,
-25.0,-47.2,
-15.0,-41.4,
-9.5,-40.0,
-9.0,-32.0,
-8.5,-29.8,
-4.0,-27.9,
-3.0,-24.7,
-2.1,-23.7,
-1.5,-17.9,
-1.3,-16.5,
-1.2,-15.5,
-0.9,-14.5,
-0.8,-10.9,
-0.7,-7.3,
-0.6,-4.8,
-0.5,-3.0,
-0.4,-1.7,
-0.3,-0.8,
-0.2,-0.3,
-0.1,0.0,
0.0,0.0,
0.1,0.0,
0.2,-0.3,
0.3,-0.8,
0.4,-1.7,
0.5,-3.0,
0.6,-4.8,
0.7,-7.3,
0.8,-10.9,
0.9,-14.5,
1.2,-15.5,
1.3,-16.5,
1.5,-17.9,
2.1,-23.7,
3.0,-24.7,
4.0,-27.9,
8.5,-29.8,
9.0,-32.0,
9.5,-40.0,
15.0,-41.4,
25.0,-47.2,
50.0,-47.2,
60.0,-50.0,
75.0,-60.6,
85.0,-60.6,
95.0,-63.0,
180.0,-63.0,
PATCUT:,AZ
POLARI:,H/V
NUPOIN:,23
-180.0,-63.0,
-64.0,-63.0,
-45.0,-58.7,
-25.0,-56.5,
-20.0,-53.9,
-15.0,-53.0,
-10.0,-50.5,
-6.0,-46.0,
-3.0,-46.0,
-1.8,-41.0,
-1.0,-32.0,
0.0,-32.0,
1.0,-32.0,
1.8,-41.0,
3.0,-46.0,
6.0,-46.0,
10.0,-50.5,
15.0,-53.0,
20.0,-53.9,
25.0,-56.5,
45.0,-58.7,
64.0,-63.0,
180.0,-63.0,
PATCUT:,AZ
POLARI:,V/V
NUPOIN:,55
-180.0,-63.0,
-73.0,-63.0,
-60.0,-55.0,
-50.0,-55.0,
-48.0,-48.0,
-25.0,-48.0,
-15.0,-42.0,
-10.0,-42.0,
-8.5,-31.0,
-8.0,-28.9,
-4.4,-28.9,
-4.0,-27.5,
-2.7,-26.4,
-2.1,-25.6,
-1.8,-23.9,
-1.5,-22.6,
-1.4,-21.4,
-1.1,-17.1,
-0.9,-14.0,
-0.8,-9.3,
-0.7,-6.8,
-0.6,-4.9,
-0.5,-3.3,
-0.4,-1.8,
-0.3,-0.7,
-0.2,-0.2,
-0.1,0.0,
0.0,0.0,
0.1,0.0,
0.2,-0.2,
0.3,-0.7,
0.4,-1.8,
0.5,-3.3,
0.6,-4.9,
0.7,-6.8,
0.8,-9.3,
0.9,-14.0,
1.1,-17.1,
1.4,-21.4,
1.5,-22.6,
1.8,-23.9,
2.1,-25.6,
2.7,-26.4,
4.0,-27.5,
4.4,-28.9,
8.0,-28.9,
8.5,-31.0,
10.0,-42.0,
15.0,-42.0,
25.0,-48.0,
48.0,-48.0,
50.0,-55.0,
60.0,-55.0,
73.0,-63.0,
180.0,-63.0,
PATCUT:,AZ
POLARI:,V/H
NUPOIN:,29
-180.0,-63.0,
-73.0,-63.0,
-68.0,-60.0,
-45.0,-60.0,
-40.0,-58.1,
-27.8,-58.1,
-15.0,-55.6,
-14.0,-54.9,
-13.0,-50.6,
-9.3,-50.6,
-8.0,-47.1,
-3.7,-47.1,
-1.5,-40.0,
-1.0,-32.0,
0.0,-32.0,
1.0,-32.0,
1.5,-40.0,
3.7,-47.1,
8.0,-47.1,
9.3,-50.6,
13.0,-50.6,
14.0,-54.9,
15.0,-55.6,
27.8,-58.1,
40.0,-58.1,
45.0,-60.0,
68.0,-60.0,
73.0,-63.0,
180.0,-63.0,
ENDFIL:,EOF
