REVNUM:,NSMA WG16.99.050
REVDAT:,19990520
ANTMAN:,ANDREW CORPORATION
MODNUM:,KPR4F-23
PATNUM:,2348
FEDORN:,NA
DESCR1:,
DESCR2:,
DESCR3:,
DESCR4:,
DESCR5:,
DTDATA:,19960329
LOWFRQ:,2290
HGHFRQ:,2500
GUNITS:,DBI/DBR
LWGAIN:,26.9
MDGAIN:,27.3
HGGAIN:,27.6
AZWIDT:,6.20
ELWIDT:,6.70
ATVSWR:,1.35
FRTOBA:,30.0
ELTILT:,0
PATTYP:,ENVELOPE
NOFREQ:,NA
PATFRE:,NA
NUMCUT:,4
PATCUT:,AZ
POLARI:,H/H
NUPOIN:,37
-180.00,-32.00,
-143.00,-32.00,
-140.00,-29.00,
-42.00,-29.00,
-36.00,-26.00,
-29.00,-26.00,
-24.00,-19.00,
-7.80,-18.00,
-6.84,-13.30,
-6.30,-10.65,
-5.84,-9.00,
-5.22,-6.80,
-4.56,-5.05,
-3.96,-3.50,
-3.26,-2.30,
-2.68,-1.45,
-1.98,-0.60,
-1.00,-0.05,
0.00,-0.00,
1.00,-0.05,
1.98,-0.60,
2.68,-1.45,
3.26,-2.30,
3.96,-3.50,
4.56,-5.05,
5.22,-6.80,
5.84,-9.00,
6.30,-10.65,
6.84,-13.30,
7.80,-18.00,
24.00,-19.00,
29.00,-26.00,
36.00,-26.00,
42.00,-29.00,
140.00,-29.00,
143.00,-32.00,
180.00,-32.00,
PATCUT:,AZ
POLARI:,H/V
NUPOIN:,11
-180.00,-39.00,
-142.80,-39.00,
-134.40,-35.00,
-7.80,-35.00,
-3.60,-28.00,
0.00,-28.00,
3.60,-28.00,
7.80,-35.00,
134.40,-35.00,
142.80,-39.00,
180.00,-39.00,
PATCUT:,AZ
POLARI:,V/V
NUPOIN:,38
-180.00,-30.50,
-130.00,-30.50,
-106.00,-23.00,
-26.60,-23.00,
-24.00,-20.00,
-16.50,-20.00,
-11.00,-16.50,
-6.98,-16.50,
-6.88,-15.90,
-6.48,-13.25,
-6.02,-11.05,
-5.56,-9.05,
-4.72,-6.35,
-4.14,-4.65,
-3.56,-3.25,
-2.92,-2.00,
-1.96,-0.75,
-0.98,-0.10,
0.00,-0.00,
0.00,-0.00,
0.98,-0.10,
1.96,-0.75,
2.92,-2.00,
3.56,-3.25,
4.14,-4.65,
4.72,-6.35,
5.56,-9.05,
6.02,-11.05,
6.48,-13.25,
6.88,-15.90,
6.98,-16.50,
11.00,-16.50,
16.50,-20.00,
24.00,-20.00,
26.60,-23.00,
106.00,-23.00,
130.00,-30.50,
180.00,-30.50,
PATCUT:,AZ
POLARI:,V/H
NUPOIN:,11
-180.00,-38.00,
-128.70,-38.00,
-106.50,-32.20,
-6.95,-32.20,
-3.20,-27.00,
0.00,-27.00,
3.20,-27.00,
6.95,-32.20,
106.50,-32.20,
128.70,-38.00,
180.00,-38.00,
ENDFIL:,EOF
