REVNUM:,NSMA WG16.99.050
REVDAT:,19990520
ANTMAN:,ANDREW CORPORATION
MODNUM:,KP10F-23
PATNUM:,2975B
FEDORN:,NA
DESCR1:,
DESCR2:,
DESCR3:,
DESCR4:,
DESCR5:,
DTDATA:,19920903
LOWFRQ:,2300
HGHFRQ:,2500
GUNITS:,DBI/DBR
LWGAIN:,34.5
MDGAIN:,34.8
HGGAIN:,35.1
AZWIDT:,3.00
ELWIDT:,3.00
ATVSWR:,1.08
FRTOBA:,38.0
ELTILT:,0
PATTYP:,ENVELOPE
NOFREQ:,NA
PATFRE:,NA
NUMCUT:,4
PATCUT:,AZ
POLARI:,H/H
NUPOIN:,45
-180.00,-38.00,
-171.00,-38.00,
-169.00,-41.00,
-102.00,-41.00,
-92.00,-36.00,
-73.00,-35.00,
-45.00,-35.00,
-40.00,-32.00,
-28.00,-31.00,
-15.00,-31.00,
-13.70,-27.00,
-11.30,-27.00,
-9.00,-22.50,
-5.50,-22.50,
-4.60,-17.50,
-3.70,-17.50,
-3.00,-11.70,
-2.10,-6.00,
-1.50,-3.00,
-1.10,-1.20,
-0.60,-0.30,
-0.20,0.00,
0.00,0.00,
0.20,0.00,
0.60,-0.30,
1.10,-1.20,
1.50,-3.00,
2.10,-6.00,
3.00,-11.70,
3.70,-17.50,
4.60,-17.50,
5.50,-22.50,
9.00,-22.50,
11.30,-27.00,
13.70,-27.00,
15.00,-31.00,
28.00,-31.00,
40.00,-32.00,
45.00,-35.00,
73.00,-35.00,
92.00,-36.00,
105.00,-41.00,
169.00,-41.00,
171.00,-38.00,
180.00,-38.00,
PATCUT:,AZ
POLARI:,H/V
NUPOIN:,13
-180.00,-47.00,
-40.00,-47.00,
-35.00,-45.00,
-15.00,-45.00,
-5.00,-45.00,
-2.50,-30.00,
0.00,-30.00,
2.50,-30.00,
5.00,-45.00,
15.00,-45.00,
35.00,-45.00,
40.00,-47.00,
180.00,-47.00,
PATCUT:,AZ
POLARI:,V/V
NUPOIN:,41
-180.00,-38.00,
-171.00,-38.00,
-169.00,-40.00,
-100.00,-40.00,
-87.00,-38.00,
-48.00,-38.00,
-30.00,-31.00,
-22.00,-31.00,
-15.00,-26.00,
-12.20,-26.00,
-10.00,-20.00,
-6.00,-20.00,
-5.00,-15.50,
-3.70,-15.50,
-3.00,-10.00,
-2.20,-6.00,
-1.70,-3.10,
-1.00,-1.00,
-0.60,-0.20,
-0.20,0.00,
0.00,0.00,
0.20,0.00,
0.60,-0.20,
1.00,-1.00,
1.70,-3.10,
2.20,-6.00,
3.00,-10.00,
3.70,-15.50,
5.00,-15.50,
6.00,-20.00,
10.00,-20.00,
12.20,-26.00,
15.00,-26.00,
22.00,-31.00,
30.00,-31.00,
48.00,-38.00,
87.00,-38.00,
100.00,-40.00,
169.00,-40.00,
171.00,-38.00,
180.00,-38.00,
PATCUT:,AZ
POLARI:,V/H
NUPOIN:,13
-180.00,-47.00,
-40.00,-47.00,
-35.00,-45.00,
-15.00,-45.00,
-5.00,-45.00,
-2.50,-30.00,
0.00,-30.00,
2.50,-30.00,
5.00,-45.00,
15.00,-45.00,
35.00,-45.00,
40.00,-47.00,
180.00,-47.00,
ENDFIL:,EOF
