REVNUM:,NSMA WG16.99.050
REVDAT:,19990520
ANTMAN:,ANDREW CORPORATION
MODNUM:,FP10F-23
PATNUM:,6914D
FEDORN:,NA
DESCR1:,
DESCR2:,
DESCR3:,
DESCR4:,
DESCR5:,
DTDATA:,19800618
LOWFRQ:,2300
HGHFRQ:,2500
GUNITS:,DBI/DBR
LWGAIN:,34.6
MDGAIN:,34.7
HGGAIN:,35.2
AZWIDT:,3.40
ELWIDT:,0.00
ATVSWR:,1.08
FRTOBA:,53.0
ELTILT:,0
PATTYP:,ENVELOPE
NOFREQ:,NA
PATFRE:,NA
NUMCUT:,4
PATCUT:,AZ
POLARI:,H/H
NUPOIN:,35
-180.00,-53.00,
-120.00,-53.00,
-120.00,-50.00,
-100.00,-47.00,
-80.00,-34.00,
-25.00,-34.00,
-20.00,-31.00,
-15.00,-26.00,
-9.00,-22.00,
-5.00,-22.00,
-4.00,-17.00,
-3.00,-8.50,
-2.50,-5.70,
-2.00,-3.80,
-1.50,-2.50,
-1.00,-1.10,
-0.50,-0.50,
0.00,0.00,
0.50,-0.50,
1.00,-1.10,
1.50,-2.50,
2.00,-3.80,
2.50,-5.70,
3.00,-8.50,
4.00,-17.00,
5.00,-22.00,
9.00,-22.00,
15.00,-26.00,
20.00,-31.00,
25.00,-34.00,
80.00,-34.00,
100.00,-47.00,
120.00,-50.00,
120.00,-53.00,
180.00,-53.00,
PATCUT:,AZ
POLARI:,H/V
NUPOIN:,13
-180.00,-53.00,
-100.00,-53.00,
-80.00,-46.00,
-15.00,-46.00,
-10.00,-46.00,
-4.00,-30.00,
0.00,-30.00,
4.00,-30.00,
10.00,-46.00,
15.00,-46.00,
80.00,-46.00,
100.00,-53.00,
180.00,-53.00,
PATCUT:,AZ
POLARI:,V/V
NUPOIN:,35
-180.00,-53.00,
-120.00,-53.00,
-120.00,-50.00,
-100.00,-47.00,
-80.00,-34.00,
-25.00,-34.00,
-20.00,-31.00,
-15.00,-26.00,
-9.00,-22.00,
-5.00,-22.00,
-4.00,-17.00,
-3.00,-8.50,
-2.50,-5.70,
-2.00,-3.80,
-1.50,-2.50,
-1.00,-1.10,
-0.50,-0.50,
0.00,0.00,
0.50,-0.50,
1.00,-1.10,
1.50,-2.50,
2.00,-3.80,
2.50,-5.70,
3.00,-8.50,
4.00,-17.00,
5.00,-22.00,
9.00,-22.00,
15.00,-26.00,
20.00,-31.00,
25.00,-34.00,
80.00,-34.00,
100.00,-47.00,
120.00,-50.00,
120.00,-53.00,
180.00,-53.00,
PATCUT:,AZ
POLARI:,V/H
NUPOIN:,13
-180.00,-53.00,
-100.00,-53.00,
-80.00,-46.00,
-15.00,-46.00,
-10.00,-46.00,
-4.00,-30.00,
0.00,-30.00,
4.00,-30.00,
10.00,-46.00,
15.00,-46.00,
80.00,-46.00,
100.00,-53.00,
180.00,-53.00,
ENDFIL:,EOF
