REVNUM:,NSMA WG16.99.050
REVDAT:,19990520
ANTMAN:,ANDREW CORPORATION
MODNUM:,KP13F-23
PATNUM:,2986B
FEDORN:,NA
DESCR1:,
DESCR2:,
DESCR3:,
DESCR4:,
DESCR5:,
DTDATA:,19920408
LOWFRQ:,2300
HGHFRQ:,2500
GUNITS:,DBI/DBR
LWGAIN:,37.0
MDGAIN:,37.2
HGGAIN:,37.5
AZWIDT:,2.40
ELWIDT:,2.40
ATVSWR:,1.08
FRTOBA:,38.0
ELTILT:,0
PATTYP:,ENVELOPE
NOFREQ:,NA
PATFRE:,NA
NUMCUT:,4
PATCUT:,AZ
POLARI:,H/H
NUPOIN:,23
-180.00,-38.00,
-105.00,-38.00,
-85.00,-34.00,
-30.00,-34.00,
-20.00,-30.00,
-15.00,-30.00,
-6.00,-22.00,
-2.50,-15.00,
-1.50,-4.50,
-1.00,-1.90,
-0.50,-0.80,
0.00,0.00,
0.50,-0.80,
1.00,-1.90,
1.50,-4.50,
2.50,-15.00,
6.00,-22.00,
15.00,-30.00,
20.00,-30.00,
30.00,-34.00,
85.00,-34.00,
105.00,-38.00,
180.00,-38.00,
PATCUT:,AZ
POLARI:,H/V
NUPOIN:,15
-180.00,-46.00,
-45.00,-46.00,
-30.00,-43.00,
-15.00,-43.00,
-10.00,-43.00,
-5.00,-40.00,
-3.00,-30.00,
0.00,-30.00,
3.00,-30.00,
5.00,-40.00,
10.00,-43.00,
15.00,-43.00,
30.00,-43.00,
45.00,-46.00,
180.00,-46.00,
PATCUT:,AZ
POLARI:,V/V
NUPOIN:,25
-180.00,-38.00,
-105.00,-38.00,
-94.00,-36.00,
-40.00,-36.00,
-30.00,-34.00,
-20.00,-30.00,
-15.00,-30.00,
-6.00,-22.00,
-2.50,-15.00,
-1.50,-4.50,
-1.00,-1.90,
-0.50,-0.80,
0.00,0.00,
0.50,-0.80,
1.00,-1.90,
1.50,-4.50,
2.50,-15.00,
6.00,-22.00,
15.00,-30.00,
20.00,-30.00,
30.00,-34.00,
40.00,-36.00,
94.00,-36.00,
105.00,-38.00,
180.00,-38.00,
PATCUT:,AZ
POLARI:,V/H
NUPOIN:,15
-180.00,-46.00,
-45.00,-46.00,
-30.00,-43.00,
-15.00,-43.00,
-10.00,-43.00,
-5.00,-40.00,
-3.00,-30.00,
0.00,-30.00,
3.00,-30.00,
5.00,-40.00,
10.00,-43.00,
15.00,-43.00,
30.00,-43.00,
45.00,-46.00,
180.00,-46.00,
ENDFIL:,EOF
