REVNUM:,NSMA WG16.99.050
REVDAT:,19990520
ANTMAN:,ANDREW CORPORATION
MODNUM:,FP4F-23
PATNUM:,6954D
FEDORN:,NA
DESCR1:,
DESCR2:,
DESCR3:,
DESCR4:,
DESCR5:,
DTDATA:,19830909
LOWFRQ:,2300
HGHFRQ:,2500
GUNITS:,DBI/DBR
LWGAIN:,26.1
MDGAIN:,26.4
HGGAIN:,26.8
AZWIDT:,7.70
ELWIDT:,0.00
ATVSWR:,1.20
FRTOBA:,40.0
ELTILT:,0
PATTYP:,ENVELOPE
NOFREQ:,NA
PATFRE:,NA
NUMCUT:,4
PATCUT:,AZ
POLARI:,H/H
NUPOIN:,35
-180.00,-40.00,
-170.00,-40.00,
-160.00,-40.00,
-120.00,-40.00,
-60.00,-25.00,
-40.00,-25.00,
-30.00,-20.00,
-15.00,-16.00,
-10.00,-16.00,
-5.50,-5.50,
-4.00,-2.80,
-3.00,-1.60,
-2.50,-1.00,
-2.00,-0.70,
-1.50,-0.30,
-1.00,-0.10,
-0.50,0.00,
0.00,0.00,
0.50,0.00,
1.00,-0.10,
1.50,-0.30,
2.00,-0.70,
2.50,-1.00,
3.00,-1.60,
4.00,-2.80,
5.50,-5.50,
10.00,-16.00,
15.00,-16.00,
30.00,-20.00,
40.00,-25.00,
60.00,-25.00,
120.00,-40.00,
160.00,-40.00,
170.00,-40.00,
180.00,-40.00,
PATCUT:,AZ
POLARI:,H/V
NUPOIN:,11
-180.00,-46.00,
-100.00,-46.00,
-80.00,-42.00,
-15.00,-42.00,
-10.00,-30.00,
0.00,-30.00,
10.00,-30.00,
15.00,-42.00,
80.00,-42.00,
100.00,-46.00,
180.00,-46.00,
PATCUT:,AZ
POLARI:,V/V
NUPOIN:,35
-180.00,-40.00,
-170.00,-40.00,
-160.00,-40.00,
-120.00,-40.00,
-60.00,-25.00,
-40.00,-25.00,
-30.00,-20.00,
-15.00,-16.00,
-10.00,-16.00,
-5.50,-5.50,
-4.00,-2.80,
-3.00,-1.60,
-2.50,-1.00,
-2.00,-0.70,
-1.50,-0.30,
-1.00,-0.10,
-0.50,0.00,
0.00,0.00,
0.50,0.00,
1.00,-0.10,
1.50,-0.30,
2.00,-0.70,
2.50,-1.00,
3.00,-1.60,
4.00,-2.80,
5.50,-5.50,
10.00,-16.00,
15.00,-16.00,
30.00,-20.00,
40.00,-25.00,
60.00,-25.00,
120.00,-40.00,
160.00,-40.00,
170.00,-40.00,
180.00,-40.00,
PATCUT:,AZ
POLARI:,V/H
NUPOIN:,11
-180.00,-46.00,
-100.00,-46.00,
-80.00,-42.00,
-15.00,-42.00,
-10.00,-30.00,
0.00,-30.00,
10.00,-30.00,
15.00,-42.00,
80.00,-42.00,
100.00,-46.00,
180.00,-46.00,
ENDFIL:,EOF
