REVNUM:,NSMA WG16.99.050
REVDAT:,19990520
ANTMAN:,ANDREW CORPORATION
MODNUM:,VHLP1-240
PATNUM:,4113A
FEDORN:,NA
DESCR1:,
DESCR2:,
DESCR3:,
DESCR4:,
DESCR5:,
DTDATA:,20001031
LOWFRQ:,24250
HGHFRQ:,26500
GUNITS:,DBI/DBR
LWGAIN:,35.6
MDGAIN:,36.0
HGGAIN:,36.4
AZWIDT:,2.50
ELWIDT:,2.50
ATVSWR:,1.30
FRTOBA:,62.0
ELTILT:,0
PATTYP:,ENVELOPE
NOFREQ:,NA
PATFRE:,NA
NUMCUT:,4
PATCUT:,AZ
POLARI:,H/H
NUPOIN:,35
-180.00,-62.00,
-140.00,-62.00,
-100.00,-59.50,
-86.00,-52.00,
-62.00,-40.00,
-22.00,-34.00,
-15.00,-28.50,
-10.00,-24.00,
-7.00,-18.50,
-5.00,-18.50,
-4.00,-9.00,
-1.83,-9.00,
-1.57,-6.00,
-1.30,-4.10,
-0.90,-1.80,
-0.60,-0.60,
-0.34,-0.10,
-0.00,-0.00,
0.34,-0.10,
0.60,-0.60,
0.90,-1.80,
1.30,-4.10,
1.57,-6.00,
1.83,-9.00,
4.00,-9.00,
5.00,-18.50,
7.00,-18.50,
10.00,-24.00,
15.00,-28.50,
22.00,-34.00,
62.00,-40.00,
86.00,-52.00,
100.00,-59.50,
140.00,-62.00,
180.00,-62.00,
PATCUT:,AZ
POLARI:,H/V
NUPOIN:,15
-180.00,-63.00,
-80.00,-63.00,
-30.00,-50.00,
-15.00,-46.00,
-10.00,-40.00,
-5.00,-40.00,
-2.50,-30.00,
-0.00,-30.00,
2.50,-30.00,
5.00,-40.00,
10.00,-40.00,
15.00,-46.00,
30.00,-50.00,
80.00,-63.00,
180.00,-63.00,
PATCUT:,AZ
POLARI:,V/V
NUPOIN:,29
-180.00,-62.00,
-92.00,-62.00,
-57.00,-40.00,
-25.00,-40.00,
-15.00,-28.00,
-6.50,-18.50,
-5.00,-18.50,
-4.00,-9.00,
-1.83,-9.00,
-1.57,-6.00,
-1.30,-4.10,
-0.90,-1.80,
-0.60,-0.60,
-0.34,-0.10,
-0.00,-0.00,
0.34,-0.10,
0.60,-0.60,
0.90,-1.80,
1.30,-4.10,
1.57,-6.00,
1.83,-9.00,
4.00,-9.00,
5.00,-18.50,
6.50,-18.50,
15.00,-28.00,
25.00,-40.00,
57.00,-40.00,
92.00,-62.00,
180.00,-62.00,
PATCUT:,AZ
POLARI:,V/H
NUPOIN:,17
-180.00,-62.00,
-80.00,-62.00,
-40.00,-52.00,
-20.00,-52.00,
-15.00,-47.00,
-8.00,-40.00,
-5.00,-40.00,
-2.50,-30.00,
-0.00,-30.00,
2.50,-30.00,
5.00,-40.00,
8.00,-40.00,
15.00,-47.00,
20.00,-52.00,
40.00,-52.00,
80.00,-62.00,
180.00,-62.00,
ENDFIL:,EOF
