REVNUM:,NSMA WG16.99.050
REVDAT:,19990520
ANTMAN:,ANDREW CORPORATION
MODNUM:,VHP2-240A
PATNUM:,2370A
FEDORN:,NA
DESCR1:,
DESCR2:,
DESCR3:,
DESCR4:,
DESCR5:,
DTDATA:,20001031
LOWFRQ:,24250
HGHFRQ:,26500
GUNITS:,DBI/DBR
LWGAIN:,40.6
MDGAIN:,41.0
HGGAIN:,41.4
AZWIDT:,1.40
ELWIDT:,1.40
ATVSWR:,1.20
FRTOBA:,67.0
ELTILT:,0
PATTYP:,ENVELOPE
NOFREQ:,NA
PATFRE:,NA
NUMCUT:,4
PATCUT:,AZ
POLARI:,H/H
NUPOIN:,33
-180.00,-67.00,
-80.00,-67.00,
-50.00,-41.00,
-15.00,-36.00,
-13.00,-36.00,
-5.00,-23.50,
-3.00,-19.00,
-1.60,-19.00,
-1.50,-14.00,
-1.30,-10.60,
-1.20,-8.00,
-1.00,-5.50,
-0.80,-3.20,
-0.60,-1.80,
-0.40,-0.70,
-0.20,-0.10,
-0.00,-0.00,
0.20,-0.10,
0.40,-0.70,
0.60,-1.80,
0.80,-3.20,
1.00,-5.50,
1.20,-8.00,
1.30,-10.60,
1.50,-14.00,
1.60,-19.00,
3.00,-19.00,
5.00,-23.50,
13.00,-36.00,
15.00,-36.00,
50.00,-41.00,
80.00,-67.00,
180.00,-67.00,
PATCUT:,AZ
POLARI:,H/V
NUPOIN:,13
-180.00,-68.00,
-80.00,-68.00,
-21.50,-45.00,
-15.00,-45.00,
-2.40,-45.00,
-1.50,-32.00,
-0.00,-32.00,
1.50,-32.00,
2.40,-45.00,
15.00,-45.00,
21.50,-45.00,
80.00,-68.00,
180.00,-68.00,
PATCUT:,AZ
POLARI:,V/V
NUPOIN:,37
-180.00,-68.00,
-80.00,-68.00,
-52.50,-47.00,
-33.00,-40.00,
-26.50,-38.00,
-15.00,-36.00,
-13.00,-34.00,
-5.00,-23.50,
-3.00,-19.00,
-1.60,-19.00,
-1.50,-14.00,
-1.30,-10.60,
-1.20,-8.00,
-1.00,-5.50,
-0.80,-3.20,
-0.60,-1.80,
-0.40,-0.70,
-0.20,-0.10,
-0.00,-0.00,
0.20,-0.10,
0.40,-0.70,
0.60,-1.80,
0.80,-3.20,
1.00,-5.50,
1.20,-8.00,
1.30,-10.60,
1.50,-14.00,
1.60,-19.00,
3.00,-19.00,
5.00,-23.50,
13.00,-34.00,
15.00,-36.00,
26.50,-38.00,
33.00,-40.00,
52.50,-47.00,
80.00,-68.00,
180.00,-68.00,
PATCUT:,AZ
POLARI:,V/H
NUPOIN:,13
-180.00,-70.00,
-74.00,-70.00,
-33.00,-55.00,
-15.00,-50.00,
-2.50,-48.00,
-1.50,-32.00,
-0.00,-32.00,
1.50,-32.00,
2.50,-48.00,
15.00,-50.00,
33.00,-55.00,
74.00,-70.00,
180.00,-70.00,
ENDFIL:,EOF
