REVNUM:,NSMA WG16.99.050
REVDAT:,19990520
ANTMAN:,ANDREW CORPORATION
MODNUM:,VHLP2-240
PATNUM:,4120A
FEDORN:,NA
DESCR1:,
DESCR2:,
DESCR3:,
DESCR4:,
DESCR5:,
DTDATA:,20001031
LOWFRQ:,24250
HGHFRQ:,26500
GUNITS:,DBI/DBR
LWGAIN:,40.7
MDGAIN:,41.1
HGGAIN:,41.5
AZWIDT:,1.40
ELWIDT:,1.40
ATVSWR:,1.30
FRTOBA:,67.0
ELTILT:,0
PATTYP:,ENVELOPE
NOFREQ:,NA
PATFRE:,NA
NUMCUT:,4
PATCUT:,AZ
POLARI:,H/H
NUPOIN:,33
-180.00,-67.00,
-100.00,-67.00,
-67.50,-48.00,
-45.00,-42.00,
-18.00,-42.00,
-15.00,-40.00,
-6.00,-25.00,
-5.00,-25.00,
-3.50,-18.00,
-2.50,-10.00,
-1.09,-10.00,
-0.89,-6.00,
-0.73,-3.60,
-0.55,-1.90,
-0.37,-0.70,
-0.17,-0.00,
-0.00,-0.00,
0.17,-0.00,
0.37,-0.70,
0.55,-1.90,
0.73,-3.60,
0.89,-6.00,
1.09,-10.00,
2.50,-10.00,
3.50,-18.00,
5.00,-25.00,
6.00,-25.00,
15.00,-40.00,
18.00,-42.00,
45.00,-42.00,
67.50,-48.00,
100.00,-67.00,
180.00,-67.00,
PATCUT:,AZ
POLARI:,H/V
NUPOIN:,15
-180.00,-67.00,
-80.00,-67.00,
-50.00,-57.50,
-28.00,-57.50,
-15.00,-50.00,
-5.00,-44.50,
-2.00,-30.00,
-0.00,-30.00,
2.00,-30.00,
5.00,-44.50,
15.00,-50.00,
28.00,-57.50,
50.00,-57.50,
80.00,-67.00,
180.00,-67.00,
PATCUT:,AZ
POLARI:,V/V
NUPOIN:,35
-180.00,-67.00,
-95.00,-67.00,
-77.00,-54.00,
-45.00,-44.00,
-30.00,-44.00,
-15.00,-36.00,
-10.00,-32.00,
-6.50,-25.00,
-5.00,-25.00,
-4.00,-18.00,
-2.50,-10.00,
-1.09,-10.00,
-0.89,-6.00,
-0.73,-3.60,
-0.55,-1.90,
-0.37,-0.70,
-0.17,-0.00,
-0.00,-0.00,
0.17,-0.00,
0.37,-0.70,
0.55,-1.90,
0.73,-3.60,
0.89,-6.00,
1.09,-10.00,
2.50,-10.00,
4.00,-18.00,
5.00,-25.00,
6.50,-25.00,
10.00,-32.00,
15.00,-36.00,
30.00,-44.00,
45.00,-44.00,
77.00,-54.00,
95.00,-67.00,
180.00,-67.00,
PATCUT:,AZ
POLARI:,V/H
NUPOIN:,15
-180.00,-68.00,
-82.00,-68.00,
-60.00,-60.00,
-20.00,-60.00,
-15.00,-51.00,
-5.00,-44.50,
-2.00,-30.00,
-0.00,-30.00,
2.00,-30.00,
5.00,-44.50,
15.00,-51.00,
20.00,-60.00,
60.00,-60.00,
82.00,-68.00,
180.00,-68.00,
ENDFIL:,EOF
