REVNUM:,NSMA WG16.99.050
REVDAT:,19990520
ANTMAN:,ANDREW CORPORATION
MODNUM:,VHLP2.5-240
PATNUM:,0828A
FEDORN:,NA
DESCR1:,
DESCR2:,
DESCR3:,
DESCR4:,
DESCR5:,
DTDATA:,20001031
LOWFRQ:,24250
HGHFRQ:,26500
GUNITS:,DBI/DBR
LWGAIN:,43.1
MDGAIN:,43.6
HGGAIN:,44.0
AZWIDT:,0.80
ELWIDT:,0.80
ATVSWR:,1.30
FRTOBA:,70.0
ELTILT:,0
PATTYP:,ENVELOPE
NOFREQ:,NA
PATFRE:,NA
NUMCUT:,4
PATCUT:,AZ
POLARI:,H/H
NUPOIN:,31
-180.00,-70.00,
-95.00,-70.00,
-50.00,-46.00,
-15.00,-40.00,
-5.00,-30.00,
-3.00,-20.00,
-1.80,-10.00,
-0.77,-10.00,
-0.76,-9.00,
-0.69,-7.20,
-0.63,-5.40,
-0.55,-3.85,
-0.45,-2.50,
-0.33,-1.20,
-0.21,-0.40,
-0.00,-0.00,
0.21,-0.40,
0.33,-1.20,
0.45,-2.50,
0.55,-3.85,
0.63,-5.40,
0.69,-7.20,
0.76,-9.00,
0.77,-10.00,
1.80,-10.00,
3.00,-20.00,
5.00,-30.00,
15.00,-40.00,
50.00,-46.00,
95.00,-70.00,
180.00,-70.00,
PATCUT:,AZ
POLARI:,H/V
NUPOIN:,15
-180.00,-72.00,
-65.00,-72.00,
-60.00,-68.00,
-21.00,-61.00,
-15.00,-56.00,
-4.20,-47.00,
-2.00,-30.00,
-0.00,-30.00,
2.00,-30.00,
4.20,-47.00,
15.00,-56.00,
21.00,-61.00,
60.00,-68.00,
65.00,-72.00,
180.00,-72.00,
PATCUT:,AZ
POLARI:,V/V
NUPOIN:,29
-180.00,-70.00,
-80.00,-70.00,
-55.00,-48.00,
-45.00,-46.00,
-36.00,-44.00,
-15.00,-42.00,
-7.00,-32.00,
-5.00,-28.00,
-1.80,-10.00,
-0.81,-10.00,
-0.75,-8.05,
-0.58,-3.75,
-0.31,-0.85,
-0.12,-0.05,
-0.00,-0.00,
0.12,-0.05,
0.31,-0.85,
0.58,-3.75,
0.75,-8.05,
0.81,-10.00,
1.80,-10.00,
5.00,-28.00,
7.00,-32.00,
15.00,-42.00,
36.00,-44.00,
45.00,-46.00,
55.00,-48.00,
80.00,-70.00,
180.00,-70.00,
PATCUT:,AZ
POLARI:,V/H
NUPOIN:,17
-180.00,-72.00,
-71.00,-72.00,
-50.00,-61.00,
-25.00,-61.00,
-15.00,-52.00,
-10.00,-50.00,
-5.00,-47.00,
-2.00,-30.00,
-0.00,-30.00,
2.00,-30.00,
5.00,-47.00,
10.00,-50.00,
15.00,-52.00,
25.00,-61.00,
50.00,-61.00,
71.00,-72.00,
180.00,-72.00,
ENDFIL:,EOF
