REVNUM:,NSMA WG16.99.050
REVDAT:,19990520
ANTMAN:,ANDREW CORPORATION
MODNUM:,HP8F-25
PATNUM:,1314D
FEDORN:,NA
DESCR1:,
DESCR2:,
DESCR3:,
DESCR4:,
DESCR5:,
DTDATA:,19810929
LOWFRQ:,2480
HGHFRQ:,2700
GUNITS:,DBI/DBR
LWGAIN:,33.7
MDGAIN:,34.0
HGGAIN:,34.3
AZWIDT:,3.10
ELWIDT:,0.00
ATVSWR:,1.08
FRTOBA:,52.0
ELTILT:,0
PATTYP:,ENVELOPE
NOFREQ:,NA
PATFRE:,NA
NUMCUT:,4
PATCUT:,AZ
POLARI:,H/H
NUPOIN:,31
-180.00,-52.00,
-100.00,-52.00,
-75.00,-38.00,
-60.00,-34.00,
-25.00,-34.00,
-20.00,-26.00,
-15.00,-26.00,
-12.50,-22.00,
-7.50,-22.00,
-5.50,-16.00,
-4.00,-16.00,
-2.00,-4.50,
-1.50,-2.40,
-1.00,-1.20,
-0.50,-0.60,
0.00,0.00,
0.50,-0.60,
1.00,-1.20,
1.50,-2.40,
2.00,-4.50,
4.00,-16.00,
5.50,-16.00,
7.50,-22.00,
12.50,-22.00,
15.00,-26.00,
20.00,-26.00,
25.00,-34.00,
60.00,-34.00,
75.00,-38.00,
100.00,-52.00,
180.00,-52.00,
PATCUT:,AZ
POLARI:,H/V
NUPOIN:,15
-180.00,-57.00,
-70.00,-57.00,
-15.00,-54.80,
-12.00,-54.00,
-8.50,-54.00,
-5.50,-45.00,
-4.50,-30.00,
0.00,-30.00,
4.50,-30.00,
5.50,-45.00,
8.50,-54.00,
12.00,-54.00,
15.00,-54.80,
70.00,-57.00,
180.00,-57.00,
PATCUT:,AZ
POLARI:,V/V
NUPOIN:,29
-180.00,-52.00,
-100.00,-52.00,
-30.00,-34.00,
-25.00,-34.00,
-20.00,-26.00,
-15.00,-26.00,
-12.50,-22.00,
-7.50,-22.00,
-5.50,-16.00,
-4.00,-16.00,
-2.00,-4.50,
-1.50,-2.40,
-1.00,-1.20,
-0.50,-0.60,
0.00,0.00,
0.50,-0.60,
1.00,-1.20,
1.50,-2.40,
2.00,-4.50,
4.00,-16.00,
5.50,-16.00,
7.50,-22.00,
12.50,-22.00,
15.00,-26.00,
20.00,-26.00,
25.00,-34.00,
30.00,-34.00,
100.00,-52.00,
180.00,-52.00,
PATCUT:,AZ
POLARI:,V/H
NUPOIN:,13
-180.00,-57.00,
-70.00,-57.00,
-60.00,-50.00,
-10.00,-50.00,
-5.50,-45.00,
-4.50,-30.00,
0.00,-30.00,
4.50,-30.00,
5.50,-45.00,
10.00,-50.00,
60.00,-50.00,
70.00,-57.00,
180.00,-57.00,
ENDFIL:,EOF
