REVNUM:,NSMA WG16.99.050
REVDAT:,19990520
ANTMAN:,ANDREW CORPORATION
MODNUM:,HP12F-25
PATNUM:,1318D
FEDORN:,NA
DESCR1:,
DESCR2:,
DESCR3:,
DESCR4:,
DESCR5:,
DTDATA:,19810929
LOWFRQ:,2480
HGHFRQ:,2700
GUNITS:,DBI/DBR
LWGAIN:,37.2
MDGAIN:,37.5
HGGAIN:,37.8
AZWIDT:,2.30
ELWIDT:,0.00
ATVSWR:,1.08
FRTOBA:,54.0
ELTILT:,0
PATTYP:,ENVELOPE
NOFREQ:,NA
PATFRE:,NA
NUMCUT:,4
PATCUT:,AZ
POLARI:,H/H
NUPOIN:,31
-180.00,-54.00,
-100.00,-54.00,
-95.00,-48.00,
-65.00,-37.00,
-30.00,-36.00,
-15.00,-29.00,
-11.50,-29.00,
-10.50,-27.00,
-8.50,-27.00,
-7.00,-22.00,
-5.00,-22.00,
-3.50,-20.00,
-1.50,-5.60,
-1.00,-2.10,
-0.50,-0.90,
0.00,0.00,
0.50,-0.90,
1.00,-2.10,
1.50,-5.60,
3.50,-20.00,
5.00,-22.00,
7.00,-22.00,
8.50,-27.00,
10.50,-27.00,
11.50,-29.00,
15.00,-29.00,
30.00,-36.00,
65.00,-37.00,
95.00,-48.00,
100.00,-54.00,
180.00,-54.00,
PATCUT:,AZ
POLARI:,H/V
NUPOIN:,13
-180.00,-55.00,
-80.00,-55.00,
-65.00,-48.00,
-7.50,-48.00,
-3.50,-35.00,
-3.00,-30.00,
0.00,-30.00,
3.00,-30.00,
3.50,-35.00,
7.50,-48.00,
65.00,-48.00,
80.00,-55.00,
180.00,-55.00,
PATCUT:,AZ
POLARI:,V/V
NUPOIN:,31
-180.00,-54.00,
-100.00,-54.00,
-70.00,-44.00,
-45.00,-44.00,
-25.00,-38.00,
-15.00,-31.00,
-14.00,-31.00,
-12.00,-28.00,
-8.00,-28.00,
-7.50,-24.00,
-5.50,-24.00,
-3.50,-20.00,
-1.50,-5.60,
-1.00,-2.10,
-0.50,-0.90,
0.00,0.00,
0.50,-0.90,
1.00,-2.10,
1.50,-5.60,
3.50,-20.00,
5.50,-24.00,
7.50,-24.00,
8.00,-28.00,
12.00,-28.00,
14.00,-31.00,
15.00,-31.00,
25.00,-38.00,
45.00,-44.00,
70.00,-44.00,
100.00,-54.00,
180.00,-54.00,
PATCUT:,AZ
POLARI:,V/H
NUPOIN:,17
-180.00,-55.00,
-80.00,-55.00,
-65.00,-49.00,
-10.50,-49.00,
-8.50,-45.00,
-6.50,-45.00,
-3.50,-35.00,
-3.00,-30.00,
0.00,-30.00,
3.00,-30.00,
3.50,-35.00,
6.50,-45.00,
8.50,-45.00,
10.50,-49.00,
65.00,-49.00,
80.00,-55.00,
180.00,-55.00,
ENDFIL:,EOF
