REVNUM:,NSMA WG16.99.050
REVDAT:,19990520
ANTMAN:,ANDREW CORPORATION
MODNUM:,HP10F-25
PATNUM:,3000
FEDORN:,NA
DESCR1:,
DESCR2:,
DESCR3:,
DESCR4:,
DESCR5:,
DTDATA:,19951026
LOWFRQ:,2480
HGHFRQ:,2700
GUNITS:,DBI/DBR
LWGAIN:,35.6
MDGAIN:,35.9
HGGAIN:,36.2
AZWIDT:,2.7
ELWIDT:,2.7
ATVSWR:,1.15
FRTOBA:,55
ELTILT:,0
PATTYP:,ENVELOPE
NOFREQ:,NA
PATFRE:,NA
NUMCUT:,4
PATCUT:,AZ
POLARI:,H/H
NUPOIN:,25
-180.00,-55.00,
-100.00,-55.00,
-80.00,-43.00,
-60.00,-36.00,
-30.00,-36.00,
-15.00,-27.00,
-9.50,-24.00,
-7.00,-24.00,
-4.50,-20.20,
-1.50,-4.40,
-1.00,-2.10,
-0.50,-1.00,
0.00,0.00,
0.50,-1.00,
1.00,-2.10,
1.50,-4.40,
4.50,-20.20,
7.00,-24.00,
9.50,-24.00,
15.00,-27.00,
30.00,-36.00,
60.00,-36.00,
80.00,-43.00,
100.00,-55.00,
180.00,-55.00,
PATCUT:,AZ
POLARI:,H/V
NUPOIN:,15
-180.00,-57.00,
-100.00,-57.00,
-35.00,-56.00,
-15.00,-55.00,
-9.00,-50.00,
-6.00,-50.00,
-2.50,-30.00,
0.00,-30.00,
2.50,-30.00,
6.00,-50.00,
9.00,-50.00,
15.00,-55.00,
35.00,-56.00,
100.00,-57.00,
180.00,-57.00,
PATCUT:,AZ
POLARI:,V/V
NUPOIN:,27
-180.00,-55.00,
-100.00,-55.00,
-60.00,-45.00,
-50.00,-45.00,
-15.00,-30.40,
-13.50,-27.00,
-10.00,-27.00,
-9.00,-23.00,
-6.30,-23.00,
-4.50,-20.20,
-1.50,-4.40,
-1.00,-2.10,
-0.50,-1.00,
0.00,0.00,
0.50,-1.00,
1.00,-2.10,
1.50,-4.40,
4.50,-20.20,
6.30,-23.00,
9.00,-23.00,
10.00,-27.00,
13.50,-27.00,
15.00,-30.40,
50.00,-45.00,
60.00,-45.00,
100.00,-55.00,
180.00,-55.00,
PATCUT:,AZ
POLARI:,V/H
NUPOIN:,17
-180.00,-57.00,
-100.00,-57.00,
-15.00,-53.90,
-11.00,-50.00,
-9.00,-50.00,
-6.50,-47.00,
-5.50,-40.00,
-2.50,-30.00,
0.00,-30.00,
2.50,-30.00,
5.50,-40.00,
6.50,-47.00,
9.00,-50.00,
11.00,-50.00,
15.00,-53.90,
100.00,-57.00,
180.00,-57.00,
ENDFIL:,EOF