REVNUM:,NSMA WG16.99.050
REVDAT:,19990520
ANTMAN:,ANDREW CORPORATION
MODNUM:,PL12F-25
PATNUM:,1320D
FEDORN:,NA
DESCR1:,
DESCR2:,
DESCR3:,
DESCR4:,
DESCR5:,
DTDATA:,19810929
LOWFRQ:,2480
HGHFRQ:,2700
GUNITS:,DBI/DBR
LWGAIN:,37.1
MDGAIN:,37.4
HGGAIN:,37.7
AZWIDT:,2.20
ELWIDT:,0.00
ATVSWR:,1.08
FRTOBA:,44.0
ELTILT:,0
PATTYP:,ENVELOPE
NOFREQ:,NA
PATFRE:,NA
NUMCUT:,4
PATCUT:,AZ
POLARI:,H/H
NUPOIN:,31
-180.00,-44.00,
-170.00,-44.00,
-170.00,-50.00,
-155.00,-50.00,
-115.00,-43.00,
-100.00,-35.00,
-26.00,-35.00,
-15.00,-29.50,
-14.50,-28.00,
-11.10,-25.00,
-8.00,-25.00,
-7.00,-23.00,
-2.80,-23.00,
-1.00,-2.20,
-0.50,-0.70,
0.00,0.00,
0.50,-0.70,
1.00,-2.20,
2.80,-23.00,
7.00,-23.00,
8.00,-25.00,
11.10,-25.00,
14.50,-28.00,
15.00,-29.50,
26.00,-35.00,
100.00,-35.00,
115.00,-43.00,
155.00,-50.00,
170.00,-50.00,
170.00,-44.00,
180.00,-44.00,
PATCUT:,AZ
POLARI:,H/V
NUPOIN:,17
-180.00,-55.00,
-110.00,-55.00,
-95.00,-48.00,
-11.00,-48.00,
-5.50,-45.00,
-4.50,-39.00,
-3.50,-37.00,
-2.50,-30.00,
0.00,-30.00,
2.50,-30.00,
3.50,-37.00,
4.50,-39.00,
5.50,-45.00,
11.00,-48.00,
95.00,-48.00,
110.00,-55.00,
180.00,-55.00,
PATCUT:,AZ
POLARI:,V/V
NUPOIN:,33
-180.00,-44.00,
-170.00,-44.00,
-170.00,-50.00,
-115.00,-50.00,
-100.00,-38.00,
-30.00,-38.00,
-20.00,-37.00,
-15.00,-30.00,
-11.50,-30.00,
-10.50,-27.00,
-7.50,-27.00,
-6.00,-24.00,
-4.00,-24.00,
-2.70,-20.00,
-1.00,-2.20,
-0.50,-0.70,
0.00,0.00,
0.50,-0.70,
1.00,-2.20,
2.70,-20.00,
4.00,-24.00,
6.00,-24.00,
7.50,-27.00,
10.50,-27.00,
11.50,-30.00,
15.00,-30.00,
20.00,-37.00,
30.00,-38.00,
100.00,-38.00,
115.00,-50.00,
170.00,-50.00,
170.00,-44.00,
180.00,-44.00,
PATCUT:,AZ
POLARI:,V/H
NUPOIN:,13
-180.00,-55.00,
-145.00,-55.00,
-70.00,-48.00,
-8.00,-48.00,
-3.50,-37.00,
-2.50,-30.00,
0.00,-30.00,
2.50,-30.00,
3.50,-37.00,
8.00,-48.00,
70.00,-48.00,
145.00,-55.00,
180.00,-55.00,
ENDFIL:,EOF
