REVNUM:,NSMA WG16.99.050
REVDAT:,19990520
ANTMAN:,ANDREW CORPORATION
MODNUM:,FPX8-25
PATNUM:,6951C
FEDORN:,NA
DESCR1:,
DESCR2:,
DESCR3:,
DESCR4:,
DESCR5:,
DTDATA:,19800621
LOWFRQ:,2480
HGHFRQ:,2700
GUNITS:,DBI/DBR
LWGAIN:,32.3
MDGAIN:,32.6
HGGAIN:,32.7
AZWIDT:,5.00
ELWIDT:,0.00
ATVSWR:,1.15
FRTOBA:,52.0
ELTILT:,0
PATTYP:,ENVELOPE
NOFREQ:,NA
PATFRE:,NA
NUMCUT:,4
PATCUT:,AZ
POLARI:,H/H
NUPOIN:,47
-180.00,-52.00,
-120.00,-52.00,
-120.00,-51.00,
-110.00,-50.00,
-100.00,-42.00,
-90.00,-40.00,
-90.00,-37.00,
-60.00,-33.00,
-40.00,-31.00,
-40.00,-24.00,
-20.00,-22.00,
-15.00,-19.00,
-10.00,-19.00,
-7.00,-15.00,
-5.00,-15.00,
-4.00,-12.00,
-3.50,-8.30,
-3.00,-5.80,
-2.50,-3.80,
-2.00,-2.20,
-1.50,-1.30,
-1.00,-0.80,
-0.50,-0.30,
0.00,0.00,
0.50,-0.30,
1.00,-0.80,
1.50,-1.30,
2.00,-2.20,
2.50,-3.80,
3.00,-5.80,
3.50,-8.30,
4.00,-12.00,
5.00,-15.00,
7.00,-15.00,
10.00,-19.00,
15.00,-19.00,
20.00,-22.00,
40.00,-24.00,
40.00,-31.00,
60.00,-33.00,
90.00,-37.00,
90.00,-40.00,
100.00,-42.00,
110.00,-50.00,
120.00,-51.00,
120.00,-52.00,
180.00,-52.00,
PATCUT:,AZ
POLARI:,H/V
NUPOIN:,27
-180.00,-52.00,
-120.00,-52.00,
-110.00,-51.00,
-100.00,-51.00,
-90.00,-45.00,
-70.00,-43.00,
-65.00,-36.00,
-35.00,-36.00,
-30.00,-34.00,
-25.00,-31.00,
-15.00,-30.00,
-4.00,-30.00,
-3.00,-27.00,
0.00,-27.00,
3.00,-27.00,
4.00,-30.00,
15.00,-30.00,
25.00,-31.00,
30.00,-34.00,
35.00,-36.00,
65.00,-36.00,
70.00,-43.00,
90.00,-45.00,
100.00,-51.00,
110.00,-51.00,
120.00,-52.00,
180.00,-52.00,
PATCUT:,AZ
POLARI:,V/V
NUPOIN:,47
-180.00,-52.00,
-120.00,-52.00,
-120.00,-51.00,
-110.00,-50.00,
-100.00,-42.00,
-90.00,-40.00,
-90.00,-37.00,
-60.00,-33.00,
-40.00,-31.00,
-40.00,-24.00,
-20.00,-22.00,
-15.00,-19.00,
-10.00,-19.00,
-7.00,-15.00,
-5.00,-15.00,
-4.00,-12.00,
-3.50,-8.30,
-3.00,-5.80,
-2.50,-3.80,
-2.00,-2.20,
-1.50,-1.30,
-1.00,-0.80,
-0.50,-0.30,
0.00,0.00,
0.50,-0.30,
1.00,-0.80,
1.50,-1.30,
2.00,-2.20,
2.50,-3.80,
3.00,-5.80,
3.50,-8.30,
4.00,-12.00,
5.00,-15.00,
7.00,-15.00,
10.00,-19.00,
15.00,-19.00,
20.00,-22.00,
40.00,-24.00,
40.00,-31.00,
60.00,-33.00,
90.00,-37.00,
90.00,-40.00,
100.00,-42.00,
110.00,-50.00,
120.00,-51.00,
120.00,-52.00,
180.00,-52.00,
PATCUT:,AZ
POLARI:,V/H
NUPOIN:,27
-180.00,-52.00,
-120.00,-52.00,
-110.00,-51.00,
-100.00,-51.00,
-90.00,-45.00,
-70.00,-43.00,
-65.00,-36.00,
-35.00,-36.00,
-30.00,-34.00,
-25.00,-31.00,
-15.00,-30.00,
-4.00,-30.00,
-3.00,-27.00,
0.00,-27.00,
3.00,-27.00,
4.00,-30.00,
15.00,-30.00,
25.00,-31.00,
30.00,-34.00,
35.00,-36.00,
65.00,-36.00,
70.00,-43.00,
90.00,-45.00,
100.00,-51.00,
110.00,-51.00,
120.00,-52.00,
180.00,-52.00,
ENDFIL:,EOF
