REVNUM:,NSMA WG16.99.050
REVDAT:,19990520
ANTMAN:,ANDREW CORPORATION
MODNUM:,KP13F-25
PATNUM:,2988B
FEDORN:,NA
DESCR1:,
DESCR2:,
DESCR3:,
DESCR4:,
DESCR5:,
DTDATA:,19920408
LOWFRQ:,2480
HGHFRQ:,2700
GUNITS:,DBI/DBR
LWGAIN:,37.5
MDGAIN:,37.8
HGGAIN:,38.0
AZWIDT:,2.30
ELWIDT:,0.00
ATVSWR:,1.08
FRTOBA:,38.0
ELTILT:,0
PATTYP:,ENVELOPE
NOFREQ:,NA
PATFRE:,NA
NUMCUT:,4
PATCUT:,AZ
POLARI:,H/H
NUPOIN:,25
-180.00,-38.00,
-110.00,-38.00,
-100.00,-36.00,
-60.00,-34.00,
-30.00,-34.00,
-20.00,-29.00,
-15.00,-29.00,
-10.00,-26.00,
-5.00,-18.00,
-2.50,-16.00,
-1.00,-2.50,
-0.50,-0.50,
0.00,0.00,
0.50,-0.50,
1.00,-2.50,
2.50,-16.00,
5.00,-18.00,
10.00,-26.00,
15.00,-29.00,
20.00,-29.00,
30.00,-34.00,
60.00,-34.00,
100.00,-36.00,
110.00,-38.00,
180.00,-38.00,
PATCUT:,AZ
POLARI:,H/V
NUPOIN:,15
-180.00,-46.00,
-50.00,-46.00,
-30.00,-44.00,
-15.00,-44.00,
-7.00,-44.00,
-5.00,-40.00,
-3.00,-30.00,
0.00,-30.00,
3.00,-30.00,
5.00,-40.00,
7.00,-44.00,
15.00,-44.00,
30.00,-44.00,
50.00,-46.00,
180.00,-46.00,
PATCUT:,AZ
POLARI:,V/V
NUPOIN:,23
-180.00,-38.00,
-110.00,-38.00,
-100.00,-36.00,
-60.00,-34.00,
-20.00,-34.00,
-15.00,-29.00,
-10.00,-26.00,
-5.00,-18.00,
-2.50,-16.00,
-1.00,-2.50,
-0.50,-0.50,
0.00,0.00,
0.50,-0.50,
1.00,-2.50,
2.50,-16.00,
5.00,-18.00,
10.00,-26.00,
15.00,-29.00,
20.00,-34.00,
60.00,-34.00,
100.00,-36.00,
110.00,-38.00,
180.00,-38.00,
PATCUT:,AZ
POLARI:,V/H
NUPOIN:,15
-180.00,-46.00,
-50.00,-46.00,
-30.00,-44.00,
-15.00,-44.00,
-7.00,-44.00,
-5.00,-40.00,
-3.00,-30.00,
0.00,-30.00,
3.00,-30.00,
5.00,-40.00,
7.00,-44.00,
15.00,-44.00,
30.00,-44.00,
50.00,-46.00,
180.00,-46.00,
ENDFIL:,EOF
