REVNUM:,NSMA WG16.99.050
REVDAT:,19990520
ANTMAN:,ANDREW CORPORATION
MODNUM:,PL8F-25
PATNUM:,1309D
FEDORN:,NA
DESCR1:,
DESCR2:,
DESCR3:,
DESCR4:,
DESCR5:,
DTDATA:,19810929
LOWFRQ:,2480
HGHFRQ:,2700
GUNITS:,DBI/DBR
LWGAIN:,33.6
MDGAIN:,33.9
HGGAIN:,34.2
AZWIDT:,3.10
ELWIDT:,0.00
ATVSWR:,1.08
FRTOBA:,39.0
ELTILT:,0
PATTYP:,ENVELOPE
NOFREQ:,NA
PATFRE:,NA
NUMCUT:,4
PATCUT:,AZ
POLARI:,H/H
NUPOIN:,31
-180.00,-39.00,
-170.00,-39.00,
-170.00,-43.00,
-140.00,-43.00,
-100.00,-33.00,
-30.00,-33.00,
-20.00,-31.00,
-15.00,-26.00,
-11.50,-26.00,
-10.00,-23.00,
-8.50,-23.00,
-4.50,-19.00,
-1.50,-3.20,
-1.00,-1.70,
-0.50,-0.70,
0.00,0.00,
0.50,-0.70,
1.00,-1.70,
1.50,-3.20,
4.50,-19.00,
8.50,-23.00,
10.00,-23.00,
11.50,-26.00,
15.00,-26.00,
20.00,-31.00,
30.00,-33.00,
100.00,-33.00,
140.00,-43.00,
170.00,-43.00,
170.00,-39.00,
180.00,-39.00,
PATCUT:,AZ
POLARI:,H/V
NUPOIN:,13
-180.00,-47.00,
-95.00,-47.00,
-85.00,-45.00,
-6.50,-45.00,
-4.50,-41.00,
-3.50,-30.00,
0.00,-30.00,
3.50,-30.00,
4.50,-41.00,
6.50,-45.00,
85.00,-45.00,
95.00,-47.00,
180.00,-47.00,
PATCUT:,AZ
POLARI:,V/V
NUPOIN:,31
-180.00,-39.00,
-170.00,-39.00,
-170.00,-43.00,
-140.00,-43.00,
-100.00,-33.00,
-30.00,-33.00,
-20.00,-31.00,
-15.00,-26.00,
-12.00,-26.00,
-10.00,-22.00,
-7.50,-22.00,
-4.50,-19.00,
-1.50,-3.20,
-1.00,-1.70,
-0.50,-0.70,
0.00,0.00,
0.50,-0.70,
1.00,-1.70,
1.50,-3.20,
4.50,-19.00,
7.50,-22.00,
10.00,-22.00,
12.00,-26.00,
15.00,-26.00,
20.00,-31.00,
30.00,-33.00,
100.00,-33.00,
140.00,-43.00,
170.00,-43.00,
170.00,-39.00,
180.00,-39.00,
PATCUT:,AZ
POLARI:,V/H
NUPOIN:,13
-180.00,-47.00,
-95.00,-47.00,
-85.00,-45.00,
-6.50,-45.00,
-4.50,-41.00,
-3.50,-30.00,
0.00,-30.00,
3.50,-30.00,
4.50,-41.00,
6.50,-45.00,
85.00,-45.00,
95.00,-47.00,
180.00,-47.00,
ENDFIL:,EOF
