REVNUM:,NSMA WG16.99.050
REVDAT:,19990520
ANTMAN:,ANDREW CORPORATION
MODNUM:,PL6F-25
PATNUM:,1308D
FEDORN:,NA
DESCR1:,
DESCR2:,
DESCR3:,
DESCR4:,
DESCR5:,
DTDATA:,19810929
LOWFRQ:,2480
HGHFRQ:,2700
GUNITS:,DBI/DBR
LWGAIN:,31.1
MDGAIN:,31.4
HGGAIN:,31.7
AZWIDT:,4.20
ELWIDT:,0.00
ATVSWR:,1.10
FRTOBA:,36.0
ELTILT:,0
PATTYP:,ENVELOPE
NOFREQ:,NA
PATFRE:,NA
NUMCUT:,4
PATCUT:,AZ
POLARI:,H/H
NUPOIN:,35
-180.00,-36.00,
-170.00,-36.00,
-170.00,-40.00,
-140.00,-40.00,
-100.00,-29.00,
-30.00,-29.00,
-15.00,-25.00,
-13.50,-22.00,
-10.00,-20.00,
-7.50,-20.00,
-6.00,-18.00,
-5.00,-18.00,
-2.50,-4.00,
-2.00,-2.80,
-1.50,-1.40,
-1.00,-0.80,
-0.50,-0.30,
0.00,0.00,
0.50,-0.30,
1.00,-0.80,
1.50,-1.40,
2.00,-2.80,
2.50,-4.00,
5.00,-18.00,
6.00,-18.00,
7.50,-20.00,
10.00,-20.00,
13.50,-22.00,
15.00,-25.00,
30.00,-29.00,
100.00,-29.00,
140.00,-40.00,
170.00,-40.00,
170.00,-36.00,
180.00,-36.00,
PATCUT:,AZ
POLARI:,H/V
NUPOIN:,13
-180.00,-44.00,
-70.00,-44.00,
-55.00,-42.00,
-7.50,-42.00,
-5.50,-35.00,
-5.00,-28.00,
0.00,-28.00,
5.00,-28.00,
5.50,-35.00,
7.50,-42.00,
55.00,-42.00,
70.00,-44.00,
180.00,-44.00,
PATCUT:,AZ
POLARI:,V/V
NUPOIN:,35
-180.00,-36.00,
-170.00,-36.00,
-170.00,-40.00,
-140.00,-40.00,
-100.00,-30.00,
-25.00,-30.00,
-20.00,-26.00,
-15.00,-25.00,
-13.50,-21.00,
-8.50,-21.00,
-6.00,-18.00,
-5.00,-18.00,
-2.50,-4.00,
-2.00,-2.80,
-1.50,-1.40,
-1.00,-0.80,
-0.50,-0.30,
0.00,0.00,
0.50,-0.30,
1.00,-0.80,
1.50,-1.40,
2.00,-2.80,
2.50,-4.00,
5.00,-18.00,
6.00,-18.00,
8.50,-21.00,
13.50,-21.00,
15.00,-25.00,
20.00,-26.00,
25.00,-30.00,
100.00,-30.00,
140.00,-40.00,
170.00,-40.00,
170.00,-36.00,
180.00,-36.00,
PATCUT:,AZ
POLARI:,V/H
NUPOIN:,13
-180.00,-44.00,
-70.00,-44.00,
-55.00,-42.00,
-7.50,-42.00,
-5.50,-35.00,
-5.00,-28.00,
0.00,-28.00,
5.00,-28.00,
5.50,-35.00,
7.50,-42.00,
55.00,-42.00,
70.00,-44.00,
180.00,-44.00,
ENDFIL:,EOF
