REVNUM:,NSMA WG16.99.050
REVDAT:,19990520
ANTMAN:,ANDREW CORPORATION
MODNUM:,KP8F-335
PATNUM:,2119
FEDORN:,NA
DESCR1:,
DESCR2:,
DESCR3:,
DESCR4:,
DESCR5:,
DTDATA:,19960617
LOWFRQ:,335
HGHFRQ:,365
GUNITS:,DBI/DBR
LWGAIN:,15.6
MDGAIN:,15.7
HGGAIN:,15.8
AZWIDT:,19.60
ELWIDT:,21.40
ATVSWR:,1.30
FRTOBA:,16.0
ELTILT:,0
PATTYP:,ENVELOPE
NOFREQ:,NA
PATFRE:,NA
NUMCUT:,4
PATCUT:,AZ
POLARI:,H/H
NUPOIN:,31
-180.00,-15.80,
-174.00,-15.80,
-169.50,-17.50,
-69.00,-17.50,
-55.00,-11.10,
-23.00,-11.10,
-21.95,-10.35,
-19.90,-8.25,
-17.90,-6.60,
-15.95,-5.10,
-13.90,-3.90,
-11.95,-2.85,
-9.95,-1.50,
-8.00,-1.05,
-4.90,-0.15,
0.00,-0.00,
4.90,-0.15,
8.00,-1.05,
9.95,-1.50,
11.95,-2.85,
13.90,-3.90,
15.95,-5.10,
17.90,-6.60,
19.90,-8.25,
21.95,-10.35,
23.00,-11.10,
55.00,-11.10,
69.00,-17.50,
169.50,-17.50,
174.00,-15.80,
180.00,-15.80,
PATCUT:,AZ
POLARI:,H/V
NUPOIN:,3
-180.00,-23.00,
0.00,-23.00,
180.00,-23.00,
PATCUT:,AZ
POLARI:,V/V
NUPOIN:,43
-180.00,-16.00,
-129.60,-16.00,
-115.00,-12.00,
-50.00,-12.00,
-36.00,-8.50,
-20.00,-7.50,
-17.00,-6.05,
-16.40,-5.75,
-16.00,-5.60,
-14.90,-4.80,
-13.95,-4.15,
-13.00,-3.60,
-11.90,-2.95,
-9.95,-2.05,
-8.95,-1.60,
-8.30,-1.35,
-7.30,-1.00,
-6.25,-0.75,
-4.95,-0.45,
-4.10,-0.25,
-2.25,-0.00,
0.00,-0.00,
2.25,-0.00,
4.10,-0.25,
4.95,-0.45,
6.25,-0.75,
7.30,-1.00,
8.30,-1.35,
8.95,-1.60,
9.95,-2.05,
11.90,-2.95,
13.00,-3.60,
13.95,-4.15,
14.90,-4.80,
16.00,-5.60,
16.40,-5.75,
17.00,-6.05,
20.00,-7.50,
36.00,-8.50,
50.00,-12.00,
115.00,-12.00,
129.60,-16.00,
180.00,-16.00,
PATCUT:,AZ
POLARI:,V/H
NUPOIN:,7
-180.00,-20.90,
-80.00,-20.90,
-70.00,-17.00,
0.00,-17.00,
70.00,-17.00,
80.00,-20.90,
180.00,-20.90,
ENDFIL:,EOF
