REVNUM:,NSMA WG16.99.050
REVDAT:,19990520
ANTMAN:,ANDREW CORPORATION
MODNUM:,KP6F-335
PATNUM:,2978B
FEDORN:,NA
DESCR1:,
DESCR2:,
DESCR3:,
DESCR4:,
DESCR5:,
DTDATA:,19960401
LOWFRQ:,335
HGHFRQ:,365
GUNITS:,DBI/DBR
LWGAIN:,15.0
MDGAIN:,15.2
HGGAIN:,15.4
AZWIDT:,24.20
ELWIDT:,30.50
ATVSWR:,1.30
FRTOBA:,19.0
ELTILT:,0
PATTYP:,ENVELOPE
NOFREQ:,NA
PATFRE:,NA
NUMCUT:,4
PATCUT:,AZ
POLARI:,H/H
NUPOIN:,39
-180.00,-20.00,
-165.30,-20.00,
-164.10,-21.00,
-159.90,-23.00,
-120.00,-23.00,
-47.00,-23.00,
-44.00,-20.80,
-39.90,-18.20,
-36.00,-15.70,
-33.00,-13.40,
-28.00,-9.80,
-24.00,-7.00,
-20.00,-4.80,
-16.00,-2.90,
-12.50,-1.70,
-10.00,-1.10,
-8.00,-0.60,
-6.10,-0.30,
-4.00,-0.10,
0.00,-0.00,
4.00,-0.10,
6.10,-0.30,
8.00,-0.60,
10.00,-1.10,
12.50,-1.70,
16.00,-2.90,
20.00,-4.80,
24.00,-7.00,
28.00,-9.80,
33.00,-13.40,
36.00,-15.70,
39.90,-18.20,
44.00,-20.80,
47.00,-23.00,
120.00,-23.00,
159.90,-23.00,
164.10,-21.00,
165.30,-20.00,
180.00,-20.00,
PATCUT:,AZ
POLARI:,H/V
NUPOIN:,7
-180.00,-34.00,
-150.00,-34.00,
-110.10,-30.00,
0.00,-30.00,
110.10,-30.00,
150.00,-34.00,
180.00,-34.00,
PATCUT:,AZ
POLARI:,V/V
NUPOIN:,27
-180.00,-18.00,
-158.00,-18.00,
-138.00,-24.00,
-133.00,-24.00,
-110.00,-14.00,
-80.00,-11.00,
-23.00,-11.00,
-22.00,-10.80,
-18.00,-6.70,
-14.00,-3.70,
-10.00,-1.90,
-6.00,-0.60,
-4.00,-0.30,
0.00,-0.00,
4.00,-0.30,
6.00,-0.60,
10.00,-1.90,
14.00,-3.70,
18.00,-6.70,
22.00,-10.80,
23.00,-11.00,
80.00,-11.00,
110.00,-14.00,
133.00,-24.00,
138.00,-24.00,
158.00,-18.00,
180.00,-18.00,
PATCUT:,AZ
POLARI:,V/H
NUPOIN:,7
-180.00,-30.00,
-135.00,-30.00,
-69.90,-24.00,
0.00,-24.00,
69.90,-24.00,
135.00,-30.00,
180.00,-30.00,
ENDFIL:,EOF
