REVNUM:,NSMA WG16.99.050
REVDAT:,19990520
ANTMAN:,ANDREW CORPORATION
MODNUM:,KP2F-34
PATNUM:,4423
FEDORN:,NA
DESCR1:,
DESCR2:,
DESCR3:,
DESCR4:,
DESCR5:,
DTDATA:,19991215
LOWFRQ:,3400
HGHFRQ:,3700
GUNITS:,DBI/DBR
LWGAIN:,23.6
MDGAIN:,23.7
HGGAIN:,23.6
AZWIDT:,8.70
ELWIDT:,8.70
ATVSWR:,1.35
FRTOBA:,22.0
ELTILT:,0
PATTYP:,ENVELOPE
NOFREQ:,NA
PATFRE:,NA
NUMCUT:,4
PATCUT:,AZ
POLARI:,H/H
NUPOIN:,37
-180.00,-30.00,
-162.00,-30.00,
-156.00,-26.00,
-126.60,-26.00,
-116.00,-22.00,
-103.00,-21.50,
-23.70,-21.00,
-21.00,-18.00,
-15.50,-15.50,
-9.25,-15.50,
-7.65,-10.00,
-7.20,-8.40,
-6.10,-5.60,
-5.30,-4.10,
-4.15,-2.30,
-2.45,-0.90,
-1.25,-0.20,
-0.05,-0.00,
0.00,0.00,
0.05,-0.00,
1.25,-0.20,
2.45,-0.90,
4.15,-2.30,
5.30,-4.10,
6.10,-5.60,
7.20,-8.40,
7.65,-10.00,
9.25,-15.50,
15.50,-15.50,
21.00,-18.00,
23.70,-21.00,
103.00,-21.50,
116.00,-22.00,
126.60,-26.00,
156.00,-26.00,
162.00,-30.00,
180.00,-30.00,
PATCUT:,AZ
POLARI:,H/V
NUPOIN:,11
-180.00,-36.00,
-67.00,-36.00,
-50.00,-34.00,
-9.60,-34.00,
-4.20,-28.00,
0.00,-28.00,
4.20,-28.00,
9.60,-34.00,
50.00,-34.00,
67.00,-36.00,
180.00,-36.00,
PATCUT:,AZ
POLARI:,V/V
NUPOIN:,31
-180.00,-30.00,
-159.00,-30.00,
-143.00,-22.00,
-21.00,-22.00,
-15.00,-14.00,
-9.60,-14.00,
-8.00,-10.40,
-6.98,-7.90,
-6.18,-5.95,
-5.48,-4.65,
-4.96,-3.70,
-3.98,-2.20,
-3.00,-1.25,
-2.00,-0.60,
-1.04,-0.20,
0.00,-0.00,
1.04,-0.20,
2.00,-0.60,
3.00,-1.25,
3.98,-2.20,
4.96,-3.70,
5.48,-4.65,
6.18,-5.95,
6.98,-7.90,
8.00,-10.40,
9.60,-14.00,
15.00,-14.00,
21.00,-22.00,
143.00,-22.00,
159.00,-30.00,
180.00,-30.00,
PATCUT:,AZ
POLARI:,V/H
NUPOIN:,11
-180.00,-40.00,
-164.00,-40.00,
-153.00,-33.00,
-10.00,-33.00,
-8.00,-32.00,
0.00,-32.00,
8.00,-32.00,
10.00,-33.00,
153.00,-33.00,
164.00,-40.00,
180.00,-40.00,
ENDFIL:,EOF
