REVNUM:,NSMA WG16.99.050
REVDAT:,19990520
ANTMAN:,ANDREW CORPORATION
MODNUM:,KP8F-34
PATNUM:,0786
FEDORN:,NA
DESCR1:,
DESCR2:,
DESCR3:,
DESCR4:,
DESCR5:,
DTDATA:,20000420
LOWFRQ:,3400
HGHFRQ:,3700
GUNITS:,DBI/DBR
LWGAIN:,35.1
MDGAIN:,35.5
HGGAIN:,35.8
AZWIDT:,2.60
ELWIDT:,2.60
ATVSWR:,1.30
FRTOBA:,35.0
ELTILT:,0
PATTYP:,ENVELOPE
NOFREQ:,NA
PATFRE:,NA
NUMCUT:,4
PATCUT:,AZ
POLARI:,H/H
NUPOIN:,31
-180.00,-37.00,
-116.00,-37.00,
-105.00,-32.00,
-17.00,-32.00,
-7.90,-22.00,
-4.00,-21.00,
-2.80,-21.00,
-2.56,-16.00,
-2.10,-10.00,
-1.84,-7.50,
-1.54,-4.90,
-1.24,-3.00,
-0.86,-1.40,
-0.60,-0.60,
-0.34,-0.30,
0.00,-0.00,
0.34,-0.30,
0.60,-0.60,
0.86,-1.40,
1.24,-3.00,
1.54,-4.90,
1.84,-7.50,
2.10,-10.00,
2.56,-16.00,
2.80,-21.00,
4.00,-21.00,
7.90,-22.00,
17.00,-32.00,
105.00,-32.00,
116.00,-37.00,
180.00,-37.00,
PATCUT:,AZ
POLARI:,H/V
NUPOIN:,13
-180.00,-46.00,
-125.00,-46.00,
-92.00,-44.00,
-7.00,-44.00,
-5.00,-42.00,
-3.00,-34.00,
0.00,-34.00,
3.00,-34.00,
5.00,-42.00,
7.00,-44.00,
92.00,-44.00,
125.00,-46.00,
180.00,-46.00,
PATCUT:,AZ
POLARI:,V/V
NUPOIN:,37
-180.00,-39.00,
-158.00,-39.00,
-152.00,-35.00,
-134.00,-35.00,
-130.00,-34.00,
-55.00,-34.00,
-26.00,-29.00,
-19.00,-29.00,
-15.00,-24.00,
-8.00,-19.50,
-5.50,-19.50,
-4.50,-13.00,
-2.50,-13.00,
-1.95,-7.20,
-1.55,-4.40,
-1.10,-2.00,
-0.80,-1.10,
-0.60,-0.50,
0.00,-0.00,
0.60,-0.50,
0.80,-1.10,
1.10,-2.00,
1.55,-4.40,
1.95,-7.20,
2.50,-13.00,
4.50,-13.00,
5.50,-19.50,
8.00,-19.50,
15.00,-24.00,
19.00,-29.00,
26.00,-29.00,
55.00,-34.00,
130.00,-34.00,
134.00,-35.00,
152.00,-35.00,
158.00,-39.00,
180.00,-39.00,
PATCUT:,AZ
POLARI:,V/H
NUPOIN:,15
-180.00,-47.00,
-140.00,-47.00,
-138.00,-45.00,
-120.00,-44.00,
-50.00,-40.00,
-10.00,-40.00,
-2.50,-30.00,
0.00,-30.00,
2.50,-30.00,
10.00,-40.00,
50.00,-40.00,
120.00,-44.00,
138.00,-45.00,
140.00,-47.00,
180.00,-47.00,
ENDFIL:,EOF
