REVNUM:,NSMA WG16.99.050
REVDAT:,19990520
ANTMAN:,ANDREW CORPORATION
MODNUM:,P2F-34
PATNUM:,4415
FEDORN:,NA
DESCR1:,
DESCR2:,
DESCR3:,
DESCR4:,
DESCR5:,
DTDATA:,19981020
LOWFRQ:,3400
HGHFRQ:,3700
GUNITS:,DBI/DBR
LWGAIN:,24.3
MDGAIN:,24.5
HGGAIN:,25.0
AZWIDT:,9.00
ELWIDT:,9.00
ATVSWR:,1.35
FRTOBA:,26.5
ELTILT:,0
PATTYP:,ENVELOPE
NOFREQ:,NA
PATFRE:,NA
NUMCUT:,4
PATCUT:,AZ
POLARI:,H/H
NUPOIN:,39
-180.00,-27.00,
-173.00,-27.00,
-165.00,-30.50,
-122.00,-30.50,
-113.00,-26.00,
-66.00,-26.00,
-60.00,-22.00,
-21.00,-21.00,
-16.40,-16.00,
-9.60,-16.00,
-7.20,-8.00,
-6.60,-6.05,
-5.40,-4.00,
-4.95,-2.90,
-4.05,-2.00,
-3.00,-1.00,
-2.10,-0.50,
-1.35,-0.20,
-0.60,-0.05,
0.00,-0.00,
0.60,-0.05,
1.35,-0.20,
2.10,-0.50,
3.00,-1.00,
4.05,-2.00,
4.95,-2.90,
5.40,-4.00,
6.60,-6.05,
7.20,-8.00,
9.60,-16.00,
16.40,-16.00,
21.00,-21.00,
60.00,-22.00,
66.00,-26.00,
113.00,-26.00,
122.00,-30.50,
165.00,-30.50,
173.00,-27.00,
180.00,-27.00,
PATCUT:,AZ
POLARI:,H/V
NUPOIN:,13
-180.00,-46.00,
-100.00,-46.00,
-96.00,-43.00,
-40.00,-43.00,
-20.00,-40.00,
-10.00,-30.00,
0.00,-30.00,
10.00,-30.00,
20.00,-40.00,
40.00,-43.00,
96.00,-43.00,
100.00,-46.00,
180.00,-46.00,
PATCUT:,AZ
POLARI:,V/V
NUPOIN:,39
-180.00,-26.50,
-173.00,-26.50,
-154.00,-38.00,
-133.00,-38.00,
-89.00,-26.50,
-42.00,-26.50,
-30.00,-20.00,
-24.00,-20.00,
-18.00,-15.50,
-10.00,-15.50,
-8.40,-10.05,
-7.20,-7.00,
-6.70,-5.60,
-5.80,-4.00,
-4.95,-2.80,
-4.00,-1.75,
-3.00,-0.95,
-2.00,-0.20,
-1.20,-0.05,
0.00,-0.00,
1.20,-0.05,
2.00,-0.20,
3.00,-0.95,
4.00,-1.75,
4.95,-2.80,
5.80,-4.00,
6.70,-5.60,
7.20,-7.00,
8.40,-10.05,
10.00,-15.50,
18.00,-15.50,
24.00,-20.00,
30.00,-20.00,
42.00,-26.50,
89.00,-26.50,
133.00,-38.00,
154.00,-38.00,
173.00,-26.50,
180.00,-26.50,
PATCUT:,AZ
POLARI:,V/H
NUPOIN:,7
-180.00,-40.10,
-19.50,-40.00,
-10.20,-30.00,
0.00,-30.00,
10.20,-30.00,
19.50,-40.00,
180.00,-40.10,
ENDFIL:,EOF
