REVNUM:,NSMA WG16.99.050
REVDAT:,19990520
ANTMAN:,ANDREW CORPORATION
MODNUM:,KP4F-34
PATNUM:,4425
FEDORN:,NA
DESCR1:,
DESCR2:,
DESCR3:,
DESCR4:,
DESCR5:,
DTDATA:,19991129
LOWFRQ:,3400
HGHFRQ:,3700
GUNITS:,DBI/DBR
LWGAIN:,29.2
MDGAIN:,29.8
HGGAIN:,29.7
AZWIDT:,4.30
ELWIDT:,4.30
ATVSWR:,1.30
FRTOBA:,26.5
ELTILT:,0
PATTYP:,ENVELOPE
NOFREQ:,NA
PATFRE:,NA
NUMCUT:,4
PATCUT:,AZ
POLARI:,H/H
NUPOIN:,39
-180.00,-26.50,
-176.00,-26.50,
-175.00,-28.00,
-113.00,-28.00,
-99.00,-25.50,
-19.00,-25.50,
-15.00,-20.00,
-9.00,-16.00,
-5.00,-16.00,
-3.60,-8.90,
-2.90,-5.50,
-2.30,-3.20,
-2.05,-2.60,
-1.70,-1.80,
-1.35,-1.10,
-1.20,-0.90,
-0.95,-0.50,
-0.65,-0.30,
-0.35,-0.10,
0.00,-0.00,
0.35,-0.10,
0.65,-0.30,
0.95,-0.50,
1.20,-0.90,
1.35,-1.10,
1.70,-1.80,
2.05,-2.60,
2.30,-3.20,
2.90,-5.50,
3.60,-8.90,
5.00,-16.00,
9.00,-16.00,
15.00,-20.00,
19.00,-25.50,
99.00,-25.50,
113.00,-28.00,
175.00,-28.00,
176.00,-26.50,
180.00,-26.50,
PATCUT:,AZ
POLARI:,H/V
NUPOIN:,11
-180.00,-47.00,
-156.00,-47.00,
-153.00,-44.00,
-10.00,-44.00,
-6.00,-34.00,
0.00,-34.00,
6.00,-34.00,
10.00,-44.00,
153.00,-44.00,
156.00,-47.00,
180.00,-47.00,
PATCUT:,AZ
POLARI:,V/V
NUPOIN:,33
-180.00,-28.00,
-138.00,-28.00,
-134.00,-27.00,
-25.00,-26.00,
-17.00,-16.50,
-8.00,-15.00,
-5.50,-15.00,
-4.50,-10.80,
-4.00,-8.50,
-3.50,-6.50,
-3.00,-4.90,
-2.50,-3.30,
-2.00,-2.00,
-1.50,-1.00,
-0.90,-0.40,
-0.60,-0.20,
0.00,-0.00,
0.60,-0.20,
0.90,-0.40,
1.50,-1.00,
2.00,-2.00,
2.50,-3.30,
3.00,-4.90,
3.50,-6.50,
4.00,-8.50,
4.50,-10.80,
5.50,-15.00,
8.00,-15.00,
17.00,-16.50,
25.00,-26.00,
134.00,-27.00,
138.00,-28.00,
180.00,-28.00,
PATCUT:,AZ
POLARI:,V/H
NUPOIN:,7
-180.00,-40.00,
-20.00,-40.00,
-8.00,-32.00,
0.00,-32.00,
8.00,-32.00,
20.00,-40.00,
180.00,-40.00,
ENDFIL:,EOF
