REVNUM:,NSMA WG16.99.050
REVDAT:,19990520
ANTMAN:,ANDREW CORPORATION
MODNUM:,UMX10-465
PATNUM:,4360
FEDORN:,LEFT 
DESCR1:,
DESCR2:,
DESCR3:,
DESCR4:,
DESCR5:,
DTDATA:,19980228
LOWFRQ:,3580
HGHFRQ:,4200
GUNITS:,DBI/DBR
LWGAIN:,37.4
MDGAIN:,38.1
HGGAIN:,38.7
AZWIDT:,1.80
ELWIDT:,1.80
ATVSWR:,1.15
FRTOBA:,72.0
ELTILT:,0
PATTYP:,ENVELOPE
NOFREQ:,NA
PATFRE:,NA
NUMCUT:,4
PATCUT:,AZ
POLARI:,H/H
NUPOIN:,32
-180.00,-72.00,
-100.00,-72.00,
-96.00,-70.00,
-84.00,-70.00,
-80.00,-64.00,
-75.00,-55.00,
-46.00,-52.00,
-20.00,-46.00,
-18.00,-40.00,
-15.00,-38.00,
-13.00,-36.00,
-10.00,-33.00,
-6.00,-30.00,
-4.00,-22.00,
-3.00,-22.00,
-2.40,-16.00,
-1.10,-2.80,
-0.40,-0.03,
0.00,0.00,
0.40,-0.03,
1.10,-2.80,
2.40,-16.00,
3.00,-22.00,
9.00,-29.00,
13.00,-33.00,
15.00,-34.60,
25.00,-39.00,
31.00,-44.00,
49.00,-46.00,
63.00,-50.00,
99.00,-72.00,
180.00,-72.00,
PATCUT:,AZ
POLARI:,H/V
NUPOIN:,19
-180.00,-72.00,
-92.00,-72.00,
-72.00,-57.00,
-24.00,-55.00,
-15.00,-44.00,
-11.00,-44.00,
-4.00,-40.00,
-2.00,-30.00,
0.00,-30.00,
2.00,-30.00,
4.00,-40.00,
12.00,-45.00,
15.00,-47.00,
27.00,-54.00,
56.00,-54.00,
61.00,-62.00,
73.00,-63.00,
78.00,-72.00,
180.00,-72.00,
PATCUT:,AZ
POLARI:,V/V
NUPOIN:,27
-180.00,-72.00,
-94.00,-72.00,
-68.59,-52.19,
-29.45,-46.60,
-22.41,-40.10,
-15.00,-36.25,
-9.69,-29.15,
-4.53,-28.27,
-3.78,-20.30,
-2.36,-20.23,
-2.24,-16.00,
-1.10,-2.80,
-0.40,-0.03,
0.00,0.00,
0.40,-0.03,
1.10,-2.80,
2.53,-20.12,
3.61,-20.25,
5.26,-27.11,
15.00,-33.80,
18.25,-38.20,
28.50,-41.00,
29.00,-43.00,
44.22,-43.90,
60.50,-47.40,
99.00,-72.00,
180.00,-72.00,
PATCUT:,AZ
POLARI:,V/H
NUPOIN:,19
-180.00,-72.00,
-85.00,-72.00,
-52.00,-56.00,
-24.00,-54.00,
-20.00,-50.00,
-15.00,-42.00,
-4.50,-42.00,
-3.50,-38.00,
-1.50,-30.00,
0.00,-30.00,
1.50,-30.00,
4.00,-38.00,
8.00,-45.00,
15.00,-45.00,
20.00,-45.00,
28.00,-52.00,
70.00,-55.00,
93.00,-72.00,
180.00,-72.00,
ENDFIL:,EOF
