REVNUM:,NSMA WG16.99.050
REVDAT:,19990520
ANTMAN:,ANDREW CORPORATION
MODNUM:,HSX6-36
PATNUM:,4634
FEDORN:,RIGHT
DESCR1:,
DESCR2:,
DESCR3:,
DESCR4:,
DESCR5:,
DTDATA:,20000710
LOWFRQ:,3600
HGHFRQ:,4200
GUNITS:,DBI/DBR
LWGAIN:,34.3
MDGAIN:,34.8
HGGAIN:,35.3
AZWIDT:,3.2
ELWIDT:,3.2
ATVSWR:,1.08
FRTOBA:,65
ELTILT:,0
PATTYP:,ENVELOPE
NOFREQ:,NA
PATFRE:,NA
NUMCUT:,4
PATCUT:,AZ
POLARI:,H/H
NUPOIN:,30
-180.0,-65.0,
-100.0,-65.0,
-75.0,-59.0,
-70.0,-50.0,
-62.0,-50.0,
-58.0,-43.0,
-39.0,-43.0,
-36.0,-41.0,
-30.0,-41.0,
-15.0,-26.5,
-6.0,-21.0,
-4.0,-21.0,
-1.5,-2.0,
-0.5,-0.2,
0.0,-0.0,
0.5,-0.2,
1.5,-2.0,
4.0,-18.5,
6.0,-18.5,
9.5,-26.0,
12.0,-26.0,
15.0,-34.0,
21.0,-40.0,
30.0,-40.0,
32.0,-44.0,
38.0,-44.0,
43.0,-49.0,
54.0,-49.0,
95.0,-65.0,
180.0,-65.0,
PATCUT:,AZ
POLARI:,H/V
NUPOIN:,18
-180.0,-70.0,
-100.0,-70.0,
-90.0,-68.0,
-71.0,-68.0,
-50.0,-60.0,
-25.0,-57.0,
-10.5,-57.0,
-6.5,-52.0,
-4.0,-40.0,
0.0,-40.0,
4.0,-40.0,
6.0,-51.0,
15.0,-56.0,
19.0,-58.0,
40.0,-59.0,
66.0,-63.0,
98.0,-70.0,
180.0,-70.0,
PATCUT:,AZ
POLARI:,V/V
NUPOIN:,32
-180.0,-65.0,
-100.0,-65.0,
-80.0,-60.0,
-68.0,-52.0,
-61.0,-52.0,
-57.0,-48.0,
-50.0,-48.0,
-47.0,-43.0,
-30.0,-38.0,
-22.0,-32.0,
-15.0,-29.0,
-10.0,-23.0,
-7.0,-23.0,
-3.5,-17.0,
-1.5,-2.0,
-0.5,-0.2,
0.0,-0.0,
0.5,-0.2,
1.5,-2.0,
4.0,-21.0,
5.5,-21.0,
6.8,-25.0,
10.6,-25.0,
15.0,-29.0,
22.5,-40.0,
35.0,-40.0,
40.0,-45.0,
55.0,-45.0,
62.0,-52.0,
74.0,-52.0,
92.0,-65.0,
180.0,-65.0,
PATCUT:,AZ
POLARI:,V/H
NUPOIN:,18
-180.0,-66.0,
-80.0,-66.0,
-60.0,-63.0,
-48.0,-57.0,
-25.0,-57.0,
-22.0,-55.0,
-15.0,-55.0,
-9.0,-52.0,
-4.0,-38.0,
0.0,-38.0,
4.0,-38.0,
10.0,-54.0,
15.0,-58.0,
52.0,-58.0,
57.0,-60.0,
72.0,-60.0,
85.0,-66.0,
180.0,-66.0,
ENDFIL:,EOF
