REVNUM:,NSMA WG16.99.050
REVDAT:,19990520
ANTMAN:,ANDREW CORPORATION
MODNUM:,HP6-36
PATNUM:,2560
FEDORN:,NA
DESCR1:,Provisional
DESCR2:,
DESCR3:,
DESCR4:,
DESCR5:,
DTDATA:,19991122
LOWFRQ:,3600
HGHFRQ:,4200
GUNITS:,DBI/DBR
LWGAIN:,34.00
MDGAIN:,34.60
HGGAIN:,35.20
AZWIDT:,3.0
ELWIDT:,3.0
ATVSWR:,1.10
FRTOBA:,59
ELTILT:,0
PATTYP:,ENVELOPE
NOFREQ:,NA
PATFRE:,NA
NUMCUT:,4
PATCUT:,AZ
POLARI:,H/H
NUPOIN:,29
-180.00,-59.00,
-100.00,-59.00,
-65.00,-35.00,
-35.00,-33.00,
-15.00,-30.00,
-13.00,-30.00,
-10.00,-25.00,
-5.00,-20.00,
-3.00,-15.00,
-2.50,-9.00,
-2.00,-4.10,
-1.50,-2.10,
-1.00,-1.00,
-0.50,-0.30,
0.00,0.00,
0.50,-0.30,
1.00,-1.00,
1.50,-2.10,
2.00,-4.10,
2.50,-9.00,
3.00,-15.00,
5.00,-20.00,
10.00,-25.00,
13.00,-30.00,
15.00,-30.00,
35.00,-33.00,
65.00,-35.00,
100.00,-59.00,
180.00,-59.00,
PATCUT:,AZ
POLARI:,H/V
NUPOIN:,13
-180.00,-59.00,
-90.00,-59.00,
-30.00,-43.00,
-15.00,-41.00,
-3.50,-41.00,
-2.50,-30.00,
0.00,-30.00,
2.50,-30.00,
3.50,-41.00,
15.00,-41.00,
30.00,-43.00,
90.00,-59.00,
180.00,-59.00,
PATCUT:,AZ
POLARI:,V/V
NUPOIN:,29
-180.00,-59.00,
-100.00,-59.00,
-65.00,-35.00,
-35.00,-33.00,
-15.00,-26.00,
-10.00,-24.00,
-7.00,-20.00,
-5.00,-20.00,
-3.00,-15.00,
-2.50,-9.00,
-2.00,-4.10,
-1.50,-2.10,
-1.00,-1.00,
-0.50,-0.30,
0.00,0.00,
0.50,-0.30,
1.00,-1.00,
1.50,-2.10,
2.00,-4.10,
2.50,-9.00,
3.00,-15.00,
5.00,-20.00,
7.00,-20.00,
10.00,-24.00,
15.00,-26.00,
35.00,-33.00,
65.00,-35.00,
100.00,-59.00,
180.00,-59.00,
PATCUT:,AZ
POLARI:,V/H
NUPOIN:,15
-180.00,-59.00,
-90.00,-59.00,
-30.00,-43.00,
-15.00,-41.00,
-12.00,-38.00,
-3.50,-38.00,
-2.50,-30.00,
0.00,-30.00,
2.50,-30.00,
3.50,-38.00,
12.00,-38.00,
15.00,-41.00,
30.00,-43.00,
90.00,-59.00,
180.00,-59.00,
ENDFIL:,EOF
