REVNUM:,NSMA WG16.99.050
REVDAT:,19990520
ANTMAN:,ANDREW CORPORATION
MODNUM:,KP13F-365
PATNUM:,2954C
FEDORN:,NA
DESCR1:,
DESCR2:,
DESCR3:,
DESCR4:,
DESCR5:,
DTDATA:,19960331
LOWFRQ:,365
HGHFRQ:,403
GUNITS:,DBI/DBR
LWGAIN:,21.0
MDGAIN:,21.5
HGGAIN:,22.0
AZWIDT:,10.60
ELWIDT:,13.40
ATVSWR:,1.30
FRTOBA:,24.0
ELTILT:,0
PATTYP:,ENVELOPE
NOFREQ:,NA
PATFRE:,NA
NUMCUT:,4
PATCUT:,AZ
POLARI:,H/H
NUPOIN:,29
-180.0,-25.0,
-165.0,-25.0,
-160.0,-27.0,
-70.0,-27.0,
-40.0,-22.0,
-20.7,-19.0,
-18.4,-16.8,
-15.0,-12.1,
-12.4,-8.3,
-9.1,-4.9,
-7.8,-3.4,
-5.9,-1.9,
-4.2,-0.8,
-2.5,-0.2,
0.0,0.0,
2.5,-0.2,
4.2,-0.8,
5.9,-1.9,
7.8,-3.4,
9.1,-4.9,
12.4,-8.3,
15.0,-12.1,
18.4,-16.8,
20.7,-19.0,
40.0,-22.0,
70.0,-27.0,
160.0,-27.0,
165.0,-25.0,
180.0,-25.0,
PATCUT:,AZ
POLARI:,H/V
NUPOIN:,7
-180.0,-36.0,
-145.2,-36.0,
-85.2,-30.0,
0.0,-30.0,
85.2,-30.0,
145.2,-36.0,
180.0,-36.0,
PATCUT:,AZ
POLARI:,V/V
NUPOIN:,39
-180.0,-22.0,
-170.0,-22.0,
-164.0,-25.0,
-112.0,-25.0,
-102.0,-18.0,
-80.0,-17.0,
-25.5,-17.0,
-22.5,-13.0,
-11.2,-13.0,
-11.0,-12.4,
-10.0,-9.7,
-9.0,-7.7,
-8.0,-6.0,
-7.0,-4.5,
-6.0,-3.4,
-5.0,-2.2,
-4.0,-1.4,
-3.0,-0.8,
-2.0,-0.2,
0.0,0.0,
2.0,-0.2,
3.0,-0.8,
4.0,-1.4,
5.0,-2.2,
6.0,-3.4,
7.0,-4.5,
8.0,-6.0,
9.0,-7.7,
10.0,-9.7,
11.0,-12.4,
11.2,-13.0,
22.5,-13.0,
25.5,-17.0,
80.0,-17.0,
102.0,-18.0,
112.0,-25.0,
164.0,-25.0,
170.0,-22.0,
180.0,-22.0,
PATCUT:,AZ
POLARI:,V/H
NUPOIN:,7
-180.0,-28.0,
-165.0,-28.0,
-145.0,-21.0,
0.0,-21.0,
145.0,-21.0,
165.0,-28.0,
180.0,-28.0,
ENDFIL:,EOF
