REVNUM:,NSMA WG16.99.050
REVDAT:,19990520
ANTMAN:,ANDREW CORPORATION
MODNUM:,KP6F-365
PATNUM:,3005B
FEDORN:,NA
DESCR1:,
DESCR2:,
DESCR3:,
DESCR4:,
DESCR5:,
DTDATA:,19970410
LOWFRQ:,365
HGHFRQ:,403
GUNITS:,DBI/DBR
LWGAIN:,15.8
MDGAIN:,16.3
HGGAIN:,16.3
AZWIDT:,21.60
ELWIDT:,28.40
ATVSWR:,1.30
FRTOBA:,20.0
ELTILT:,0
PATTYP:,ENVELOPE
NOFREQ:,NA
PATFRE:,NA
NUMCUT:,4
PATCUT:,AZ
POLARI:,H/H
NUPOIN:,45
-180.00,-19.00,
-160.00,-19.00,
-150.00,-23.00,
-85.00,-23.00,
-74.00,-18.50,
-52.00,-17.00,
-35.00,-17.00,
-34.00,-16.30,
-31.90,-14.70,
-30.00,-13.20,
-27.80,-11.35,
-24.00,-8.40,
-22.00,-7.25,
-18.00,-4.85,
-16.20,-4.05,
-13.90,-2.90,
-11.50,-2.00,
-9.40,-1.35,
-7.60,-0.85,
-5.90,-0.45,
-3.90,-0.20,
-2.70,-0.10,
0.00,-0.00,
2.70,-0.10,
3.90,-0.20,
5.90,-0.45,
7.60,-0.85,
9.40,-1.35,
11.50,-2.00,
13.90,-2.90,
16.20,-4.05,
18.00,-4.85,
22.00,-7.25,
24.00,-8.40,
27.80,-11.35,
30.00,-13.20,
31.90,-14.70,
34.00,-16.30,
35.00,-17.00,
52.00,-17.00,
74.00,-18.50,
85.00,-23.00,
150.00,-23.00,
160.00,-19.00,
180.00,-19.00,
PATCUT:,AZ
POLARI:,H/V
NUPOIN:,3
-180.00,-28.00,
0.00,-28.00,
180.00,-28.00,
PATCUT:,AZ
POLARI:,V/V
NUPOIN:,29
-180.00,-16.00,
-125.00,-16.00,
-83.00,-11.00,
-22.00,-11.00,
-19.90,-9.60,
-17.90,-7.55,
-15.90,-5.85,
-14.00,-4.50,
-12.00,-3.20,
-9.80,-2.05,
-7.90,-1.30,
-6.00,-0.75,
-4.00,-0.35,
-2.10,-0.05,
0.00,-0.00,
2.10,-0.05,
4.00,-0.35,
6.00,-0.75,
7.90,-1.30,
9.80,-2.05,
12.00,-3.20,
14.00,-4.50,
15.90,-5.85,
17.90,-7.55,
19.90,-9.60,
22.00,-11.00,
83.00,-11.00,
125.00,-16.00,
180.00,-16.00,
PATCUT:,AZ
POLARI:,V/H
NUPOIN:,11
-180.00,-29.00,
-170.00,-29.00,
-145.00,-24.00,
-40.00,-24.00,
-30.00,-22.00,
0.00,-22.00,
30.00,-22.00,
40.00,-24.00,
145.00,-24.00,
170.00,-29.00,
180.00,-29.00,
ENDFIL:,EOF
