REVNUM:,NSMA WG16.99.050
REVDAT:,19990520
ANTMAN:,ANDREW CORPORATION
MODNUM:,KP10F-365
PATNUM:,2938B
FEDORN:,NA
DESCR1:,
DESCR2:,
DESCR3:,
DESCR4:,
DESCR5:,
DTDATA:,19970417
LOWFRQ:,365
HGHFRQ:,403
GUNITS:,DBI/DBR
LWGAIN:,18.7
MDGAIN:,19.4
HGGAIN:,19.6
AZWIDT:,13.00
ELWIDT:,18.50
ATVSWR:,1.30
FRTOBA:,24.0
ELTILT:,0
PATTYP:,ENVELOPE
NOFREQ:,NA
PATFRE:,NA
NUMCUT:,4
PATCUT:,AZ
POLARI:,H/H
NUPOIN:,35
-180.00,-22.00,
-166.00,-22.00,
-159.00,-27.00,
-70.00,-27.00,
-44.00,-17.00,
-22.30,-17.00,
-20.70,-15.00,
-18.10,-11.30,
-14.50,-7.10,
-12.20,-5.00,
-10.00,-3.40,
-7.60,-2.00,
-6.10,-1.25,
-4.70,-0.75,
-3.90,-0.50,
-3.10,-0.25,
-2.10,-0.15,
0.00,-0.00,
2.10,-0.15,
3.10,-0.25,
3.90,-0.50,
4.70,-0.75,
6.10,-1.25,
7.60,-2.00,
10.00,-3.40,
12.20,-5.00,
14.50,-7.10,
18.10,-11.30,
20.70,-15.00,
22.30,-17.00,
44.00,-17.00,
70.00,-27.00,
159.00,-27.00,
166.00,-22.00,
180.00,-22.00,
PATCUT:,AZ
POLARI:,H/V
NUPOIN:,7
-180.00,-35.00,
-44.00,-35.00,
-30.00,-32.00,
0.00,-32.00,
30.00,-32.00,
44.00,-35.00,
180.00,-35.00,
PATCUT:,AZ
POLARI:,V/V
NUPOIN:,31
-180.00,-21.00,
-162.00,-21.00,
-158.00,-24.00,
-120.00,-24.00,
-90.00,-16.50,
-40.00,-16.50,
-28.00,-11.00,
-13.00,-11.00,
-11.75,-8.45,
-9.90,-5.60,
-6.75,-2.55,
-5.00,-1.45,
-4.05,-0.90,
-2.85,-0.40,
-1.65,-0.15,
0.00,-0.00,
1.65,-0.15,
2.85,-0.40,
4.05,-0.90,
5.00,-1.45,
6.75,-2.55,
9.90,-5.60,
11.75,-8.45,
13.00,-11.00,
28.00,-11.00,
40.00,-16.50,
90.00,-16.50,
120.00,-24.00,
158.00,-24.00,
162.00,-21.00,
180.00,-21.00,
PATCUT:,AZ
POLARI:,V/H
NUPOIN:,7
-180.00,-26.00,
-70.20,-26.00,
-60.00,-23.00,
0.00,-23.00,
60.00,-23.00,
70.20,-26.00,
180.00,-26.00,
ENDFIL:,EOF
