REVNUM:,NSMA WG16.99.050
REVDAT:,19990520
ANTMAN:,ANDREW CORPORATION
MODNUM:,PL12-37
PATNUM:,2407F
FEDORN:,NA
DESCR1:,
DESCR2:,
DESCR3:,
DESCR4:,
DESCR5:,
DTDATA:,19740528
LOWFRQ:,3700
HGHFRQ:,4200
GUNITS:,DBI/DBR
LWGAIN:,40.4
MDGAIN:,41.0
HGGAIN:,41.5
AZWIDT:,1.50
ELWIDT:,1.50
ATVSWR:,1.06
FRTOBA:,50.0
ELTILT:,0
PATTYP:,ENVELOPE
NOFREQ:,NA
PATFRE:,NA
NUMCUT:,4
PATCUT:,AZ
POLARI:,H/H
NUPOIN:,25
-180.00,-50.00,
-175.00,-50.00,
-170.00,-56.90,
-120.00,-56.90,
-100.00,-42.00,
-40.00,-42.00,
-15.00,-39.00,
-7.00,-25.00,
-2.50,-25.00,
-1.50,-9.00,
-1.00,-1.90,
-0.50,-0.60,
0.00,0.00,
0.50,-0.60,
1.00,-1.90,
1.50,-9.00,
2.50,-25.00,
7.00,-25.00,
15.00,-39.00,
40.00,-42.00,
100.00,-42.00,
120.00,-56.90,
170.00,-56.90,
175.00,-50.00,
180.00,-50.00,
PATCUT:,AZ
POLARI:,H/V
NUPOIN:,17
-180.00,-50.00,
-175.00,-50.00,
-170.00,-56.90,
-35.00,-56.90,
-20.00,-49.00,
-13.00,-49.00,
-3.50,-40.00,
-3.50,-30.00,
0.00,-30.00,
3.50,-30.00,
3.50,-40.00,
13.00,-49.00,
20.00,-49.00,
35.00,-56.90,
170.00,-56.90,
175.00,-50.00,
180.00,-50.00,
PATCUT:,AZ
POLARI:,V/V
NUPOIN:,27
-180.00,-50.00,
-175.00,-50.00,
-170.00,-56.90,
-120.00,-56.90,
-100.00,-42.00,
-40.00,-42.00,
-30.00,-40.60,
-15.00,-31.00,
-8.50,-25.00,
-2.50,-25.00,
-1.50,-9.00,
-1.00,-1.90,
-0.50,-0.60,
0.00,0.00,
0.50,-0.60,
1.00,-1.90,
1.50,-9.00,
2.50,-25.00,
8.50,-25.00,
15.00,-31.00,
30.00,-40.60,
40.00,-42.00,
100.00,-42.00,
120.00,-56.90,
170.00,-56.90,
175.00,-50.00,
180.00,-50.00,
PATCUT:,AZ
POLARI:,V/H
NUPOIN:,17
-180.00,-50.00,
-175.00,-50.00,
-170.00,-56.90,
-25.00,-56.90,
-15.00,-48.00,
-12.00,-40.00,
-3.50,-40.00,
-3.50,-30.00,
0.00,-30.00,
3.50,-30.00,
3.50,-40.00,
12.00,-40.00,
15.00,-48.00,
25.00,-56.90,
170.00,-56.90,
175.00,-50.00,
180.00,-50.00,
ENDFIL:,EOF
