REVNUM:,NSMA WG16.99.050
REVDAT:,19990520
ANTMAN:,ANDREW CORPORATION
MODNUM:,PL15-37
PATNUM:,2408D
FEDORN:,NA
DESCR1:,
DESCR2:,
DESCR3:,
DESCR4:,
DESCR5:,
DTDATA:,19740528
LOWFRQ:,3700
HGHFRQ:,4200
GUNITS:,DBI/DBR
LWGAIN:,42.1
MDGAIN:,42.7
HGGAIN:,43.2
AZWIDT:,1.20
ELWIDT:,1.20
ATVSWR:,1.06
FRTOBA:,52.0
ELTILT:,0
PATTYP:,ENVELOPE
NOFREQ:,NA
PATFRE:,NA
NUMCUT:,4
PATCUT:,AZ
POLARI:,H/H
NUPOIN:,23
-180.00,-52.00,
-175.00,-52.00,
-168.00,-60.00,
-130.00,-60.00,
-100.00,-43.00,
-19.00,-43.00,
-15.00,-40.00,
-3.90,-25.00,
-2.00,-25.00,
-1.00,-5.00,
-0.50,-1.00,
0.00,0.00,
0.50,-1.00,
1.00,-5.00,
2.00,-25.00,
3.90,-25.00,
15.00,-40.00,
19.00,-43.00,
100.00,-43.00,
130.00,-60.00,
168.00,-60.00,
175.00,-52.00,
180.00,-52.00,
PATCUT:,AZ
POLARI:,H/V
NUPOIN:,19
-180.00,-52.00,
-175.00,-52.00,
-168.00,-60.00,
-40.00,-60.00,
-20.00,-51.90,
-15.00,-51.80,
-12.80,-51.70,
-2.90,-40.00,
-2.90,-30.00,
0.00,-30.00,
2.90,-30.00,
2.90,-40.00,
12.80,-51.70,
15.00,-51.80,
20.00,-51.90,
40.00,-60.00,
168.00,-60.00,
175.00,-52.00,
180.00,-52.00,
PATCUT:,AZ
POLARI:,V/V
NUPOIN:,23
-180.00,-52.00,
-175.00,-52.00,
-168.00,-60.00,
-118.00,-60.00,
-100.00,-43.00,
-23.50,-43.00,
-15.00,-33.00,
-6.10,-25.00,
-2.00,-25.00,
-1.00,-5.00,
-0.50,-1.00,
0.00,0.00,
0.50,-1.00,
1.00,-5.00,
2.00,-25.00,
6.10,-25.00,
15.00,-33.00,
23.50,-43.00,
100.00,-43.00,
118.00,-60.00,
168.00,-60.00,
175.00,-52.00,
180.00,-52.00,
PATCUT:,AZ
POLARI:,V/H
NUPOIN:,17
-180.00,-52.00,
-175.00,-52.00,
-168.00,-60.00,
-19.00,-60.00,
-15.00,-55.00,
-10.00,-40.00,
-2.90,-40.00,
-2.90,-30.00,
0.00,-30.00,
2.90,-30.00,
2.90,-40.00,
10.00,-40.00,
15.00,-55.00,
19.00,-60.00,
168.00,-60.00,
175.00,-52.00,
180.00,-52.00,
ENDFIL:,EOF
