REVNUM:,NSMA WG16.99.050
REVDAT:,19990520
ANTMAN:,ANDREW CORPORATION
MODNUM:,PL10-37
PATNUM:,2405D
FEDORN:,NA
DESCR1:,
DESCR2:,
DESCR3:,
DESCR4:,
DESCR5:,
DTDATA:,19720825
LOWFRQ:,3700
HGHFRQ:,4200
GUNITS:,DBI/DBR
LWGAIN:,38.7
MDGAIN:,39.3
HGGAIN:,39.8
AZWIDT:,1.80
ELWIDT:,1.80
ATVSWR:,1.06
FRTOBA:,47.0
ELTILT:,0
PATTYP:,ENVELOPE
NOFREQ:,NA
PATFRE:,NA
NUMCUT:,4
PATCUT:,AZ
POLARI:,H/H
NUPOIN:,25
-180.00,-47.00,
-175.00,-47.00,
-169.00,-54.00,
-120.00,-54.00,
-99.00,-42.00,
-49.00,-42.00,
-15.00,-38.00,
-10.00,-25.00,
-3.00,-24.10,
-1.50,-5.00,
-1.00,-2.00,
-0.50,-0.80,
0.00,0.00,
0.50,-0.80,
1.00,-2.00,
1.50,-5.00,
3.00,-24.10,
10.00,-25.00,
15.00,-38.00,
49.00,-42.00,
99.00,-42.00,
120.00,-54.00,
169.00,-54.00,
175.00,-47.00,
180.00,-47.00,
PATCUT:,AZ
POLARI:,H/V
NUPOIN:,17
-180.00,-47.00,
-175.00,-47.00,
-169.00,-54.00,
-30.00,-54.00,
-20.00,-46.00,
-12.80,-46.00,
-4.00,-40.00,
-4.00,-30.00,
0.00,-30.00,
4.00,-30.00,
4.00,-40.00,
12.80,-46.00,
20.00,-46.00,
30.00,-54.00,
169.00,-54.00,
175.00,-47.00,
180.00,-47.00,
PATCUT:,AZ
POLARI:,V/V
NUPOIN:,33
-180.00,-47.00,
-175.00,-47.00,
-169.00,-54.00,
-120.00,-54.00,
-99.00,-42.00,
-49.00,-42.00,
-40.00,-41.00,
-25.00,-36.00,
-19.00,-32.00,
-18.00,-29.00,
-15.00,-29.00,
-10.00,-25.00,
-3.00,-24.10,
-1.50,-5.00,
-1.00,-2.00,
-0.50,-0.80,
0.00,0.00,
0.50,-0.80,
1.00,-2.00,
1.50,-5.00,
3.00,-24.10,
10.00,-25.00,
15.00,-29.00,
18.00,-29.00,
19.00,-32.00,
25.00,-36.00,
40.00,-41.00,
49.00,-42.00,
99.00,-42.00,
120.00,-54.00,
169.00,-54.00,
175.00,-47.00,
180.00,-47.00,
PATCUT:,AZ
POLARI:,V/H
NUPOIN:,17
-180.00,-47.00,
-175.00,-47.00,
-169.00,-54.00,
-24.00,-54.00,
-15.00,-41.00,
-14.00,-40.00,
-4.00,-40.00,
-4.00,-30.00,
0.00,-30.00,
4.00,-30.00,
4.00,-40.00,
14.00,-40.00,
15.00,-41.00,
24.00,-54.00,
169.00,-54.00,
175.00,-47.00,
180.00,-47.00,
ENDFIL:,EOF
