REVNUM:,NSMA WG16.99.050
REVDAT:,19990520
ANTMAN:,ANDREW CORPORATION
MODNUM:,KP10F-403
PATNUM:,2944B
FEDORN:,NA
DESCR1:,
DESCR2:,
DESCR3:,
DESCR4:,
DESCR5:,
DTDATA:,19970320
LOWFRQ:,403
HGHFRQ:,470
GUNITS:,DBI/DBR
LWGAIN:,20.0
MDGAIN:,19.6
HGGAIN:,20.4
AZWIDT:,12.60
ELWIDT:,16.80
ATVSWR:,1.35
FRTOBA:,22.0
ELTILT:,0
PATTYP:,ENVELOPE
NOFREQ:,NA
PATFRE:,NA
NUMCUT:,4
PATCUT:,AZ
POLARI:,H/H
NUPOIN:,33
-180.00,-24.00,
-165.00,-24.00,
-160.00,-26.00,
-65.00,-26.00,
-45.00,-22.00,
-30.00,-21.00,
-27.30,-19.90,
-21.00,-15.00,
-19.00,-12.60,
-16.00,-9.00,
-13.00,-6.00,
-11.00,-4.40,
-9.00,-2.90,
-7.00,-1.70,
-5.00,-0.80,
-3.00,-0.20,
0.00,-0.00,
3.00,-0.20,
5.00,-0.80,
7.00,-1.70,
9.00,-2.90,
11.00,-4.40,
13.00,-6.00,
16.00,-9.00,
19.00,-12.60,
21.00,-15.00,
27.30,-19.90,
30.00,-21.00,
45.00,-22.00,
65.00,-26.00,
160.00,-26.00,
165.00,-24.00,
180.00,-24.00,
PATCUT:,AZ
POLARI:,H/V
NUPOIN:,7
-180.00,-33.00,
-40.00,-33.00,
-30.00,-32.00,
0.00,-32.00,
30.00,-32.00,
40.00,-33.00,
180.00,-33.00,
PATCUT:,AZ
POLARI:,V/V
NUPOIN:,27
-180.00,-22.00,
-120.30,-22.00,
-90.00,-16.00,
-37.00,-16.00,
-34.00,-15.00,
-22.00,-13.00,
-14.00,-13.00,
-12.00,-9.60,
-7.90,-3.80,
-5.90,-2.00,
-3.90,-0.90,
-2.90,-0.40,
-2.00,-0.15,
0.00,-0.00,
2.00,-0.15,
2.90,-0.40,
3.90,-0.90,
5.90,-2.00,
7.90,-3.80,
12.00,-9.60,
14.00,-13.00,
22.00,-13.00,
34.00,-15.00,
37.00,-16.00,
90.00,-16.00,
120.30,-22.00,
180.00,-22.00,
PATCUT:,AZ
POLARI:,V/H
NUPOIN:,7
-180.00,-32.00,
-153.00,-32.00,
-90.00,-26.00,
0.00,-26.00,
90.00,-26.00,
153.00,-32.00,
180.00,-32.00,
ENDFIL:,EOF
