REVNUM:,NSMA WG16.99.050
REVDAT:,19990520
ANTMAN:,ANDREW CORPORATION
MODNUM:,KP13F-403
PATNUM:,2958C
FEDORN:,NA
DESCR1:,
DESCR2:,
DESCR3:,
DESCR4:,
DESCR5:,
DTDATA:,19960226
LOWFRQ:,403
HGHFRQ:,470
GUNITS:,DBI/DBR
LWGAIN:,22.0
MDGAIN:,22.2
HGGAIN:,22.6
AZWIDT:,13.00
ELWIDT:,13.00
ATVSWR:,1.35
FRTOBA:,24.0
ELTILT:,0
PATTYP:,ENVELOPE
NOFREQ:,NA
PATFRE:,NA
NUMCUT:,4
PATCUT:,AZ
POLARI:,H/H
NUPOIN:,27
-180.0,-26.0,
-120.0,-26.0,
-110.0,-24.0,
-40.0,-24.0,
-20.0,-20.5,
-17.5,-20.5,
-16.0,-17.5,
-12.0,-10.0,
-10.0,-6.8,
-8.0,-4.4,
-6.0,-2.4,
-4.0,-1.0,
-2.0,-0.2,
0.0,0.0,
2.0,-0.2,
4.0,-1.0,
6.0,-2.4,
8.0,-4.4,
10.0,-6.8,
12.0,-10.0,
16.0,-17.5,
17.5,-20.5,
20.0,-20.5,
40.0,-24.0,
110.0,-24.0,
120.0,-26.0,
180.0,-26.0,
PATCUT:,AZ
POLARI:,H/V
NUPOIN:,11
-180.0,-36.0,
-54.0,-36.0,
-50.0,-35.0,
-16.0,-35.0,
-8.0,-30.0,
0.0,-30.0,
8.0,-30.0,
16.0,-35.0,
50.0,-35.0,
54.0,-36.0,
180.0,-36.0,
PATCUT:,AZ
POLARI:,V/V
NUPOIN:,21
-180.0,-22.0,
-110.0,-22.0,
-90.0,-16.4,
-24.0,-16.4,
-15.0,-12.0,
-10.0,-12.0,
-8.0,-7.0,
-6.0,-4.0,
-4.0,-1.5,
-2.0,-0.2,
0.0,0.0,
2.0,-0.2,
4.0,-1.5,
6.0,-4.0,
8.0,-7.0,
10.0,-12.0,
15.0,-12.0,
24.0,-16.4,
90.0,-16.4,
110.0,-22.0,
180.0,-22.0,
PATCUT:,AZ
POLARI:,V/H
NUPOIN:,3
-180.0,-28.0,
0.0,-28.0,
180.0,-28.0,
ENDFIL:,EOF
