REVNUM:,NSMA WG16.99.050
REVDAT:,19990520
ANTMAN:,ANDREW CORPORATION
MODNUM:,KP6F-403
PATNUM:,3008B
FEDORN:,NA
DESCR1:,
DESCR2:,
DESCR3:,
DESCR4:,
DESCR5:,
DTDATA:,19960301
LOWFRQ:,403
HGHFRQ:,470
GUNITS:,DBI/DBR
LWGAIN:,16.4
MDGAIN:,16.3
HGGAIN:,16.6
AZWIDT:,19.30
ELWIDT:,22.90
ATVSWR:,1.35
FRTOBA:,20.0
ELTILT:,0
PATTYP:,ENVELOPE
NOFREQ:,NA
PATFRE:,NA
NUMCUT:,4
PATCUT:,AZ
POLARI:,H/H
NUPOIN:,23
-180.0,-20.0,
-170.0,-20.0,
-160.0,-25.0,
-80.0,-25.0,
-50.0,-16.0,
-32.0,-16.0,
-28.0,-15.0,
-17.7,-6.0,
-12.0,-2.5,
-8.0,-1.0,
-4.0,-0.2,
0.0,0.0,
4.0,-0.2,
8.0,-1.0,
12.0,-2.5,
17.7,-6.0,
28.0,-15.0,
32.0,-16.0,
50.0,-16.0,
80.0,-25.0,
160.0,-25.0,
170.0,-20.0,
180.0,-20.0,
PATCUT:,AZ
POLARI:,H/V
NUPOIN:,7
-180.0,-34.0,
-100.0,-34.0,
-90.0,-30.0,
0.0,-30.0,
90.0,-30.0,
100.0,-34.0,
180.0,-34.0,
PATCUT:,AZ
POLARI:,V/V
NUPOIN:,21
-180.0,-20.0,
-130.0,-20.0,
-110.0,-15.0,
-70.0,-11.0,
-40.0,-11.0,
-30.0,-8.0,
-16.5,-8.0,
-15.0,-6.5,
-10.0,-2.5,
-5.0,-0.4,
0.0,0.0,
5.0,-0.4,
10.0,-2.5,
15.0,-6.5,
16.5,-8.0,
30.0,-8.0,
40.0,-11.0,
70.0,-11.0,
110.0,-15.0,
130.0,-20.0,
180.0,-20.0,
PATCUT:,AZ
POLARI:,V/H
NUPOIN:,7
-180.0,-30.0,
-75.0,-30.0,
-60.0,-27.0,
0.0,-27.0,
60.0,-27.0,
75.0,-30.0,
180.0,-30.0,
ENDFIL:,EOF
