REVNUM:,NSMA WG16.99.050
REVDAT:,19990520
ANTMAN:,ANDREW CORPORATION
MODNUM:,KP8F-403
PATNUM:,2123
FEDORN:,NA
DESCR1:,
DESCR2:,
DESCR3:,
DESCR4:,
DESCR5:,
DTDATA:,19960415
LOWFRQ:,403
HGHFRQ:,470
GUNITS:,DBI/DBR
LWGAIN:,17.7
MDGAIN:,17.5
HGGAIN:,18.0
AZWIDT:,16.30
ELWIDT:,19.70
ATVSWR:,1.35
FRTOBA:,20.0
ELTILT:,0
PATTYP:,ENVELOPE
NOFREQ:,NA
PATFRE:,NA
NUMCUT:,4
PATCUT:,AZ
POLARI:,H/H
NUPOIN:,39
-180.00,-20.00,
-165.00,-20.00,
-154.00,-25.00,
-125.00,-25.00,
-115.00,-22.00,
-60.00,-22.00,
-50.00,-18.00,
-29.00,-18.00,
-25.00,-16.00,
-22.00,-13.00,
-20.00,-10.80,
-18.00,-8.70,
-16.00,-6.80,
-13.90,-5.10,
-11.90,-3.50,
-9.90,-2.40,
-8.00,-1.60,
-5.90,-0.80,
-4.00,-0.30,
0.00,0.00,
4.00,-0.30,
5.90,-0.80,
8.00,-1.60,
9.90,-2.40,
11.90,-3.50,
13.90,-5.10,
16.00,-6.80,
18.00,-8.70,
20.00,-10.80,
22.00,-13.00,
25.00,-16.00,
29.00,-18.00,
50.00,-18.00,
60.00,-22.00,
115.00,-22.00,
125.00,-25.00,
154.00,-25.00,
165.00,-20.00,
180.00,-20.00,
PATCUT:,AZ
POLARI:,H/V
NUPOIN:,7
-180.00,-31.00,
-80.00,-31.00,
-40.00,-28.50,
0.00,-28.50,
40.00,-28.50,
80.00,-31.00,
180.00,-31.00,
PATCUT:,AZ
POLARI:,V/V
NUPOIN:,31
-180.00,-19.00,
-153.00,-19.00,
-140.00,-25.00,
-132.00,-25.00,
-127.50,-20.00,
-116.00,-15.90,
-90.00,-12.00,
-15.75,-12.00,
-14.55,-10.00,
-12.00,-6.50,
-9.90,-4.10,
-8.55,-2.90,
-7.65,-2.30,
-4.95,-0.90,
-3.00,-0.40,
0.00,0.00,
3.00,-0.40,
4.95,-0.90,
7.65,-2.30,
8.55,-2.90,
9.90,-4.10,
12.00,-6.50,
14.55,-10.00,
15.75,-12.00,
90.00,-12.00,
116.00,-15.90,
127.50,-20.00,
132.00,-25.00,
140.00,-25.00,
153.00,-19.00,
180.00,-19.00,
PATCUT:,AZ
POLARI:,V/H
NUPOIN:,11
-180.00,-34.00,
-166.00,-34.00,
-125.00,-30.00,
-60.00,-30.00,
-55.00,-28.00,
0.00,-28.00,
55.00,-28.00,
60.00,-30.00,
125.00,-30.00,
166.00,-34.00,
180.00,-34.00,
ENDFIL:,EOF
