REVNUM:,NSMA WG16.99.050
REVDAT:,19990520
ANTMAN:,ANDREW CORPORATION
MODNUM:,UMX8-4459
PATNUM:,3311
FEDORN:,LEFT 
DESCR1:,Provisional
DESCR2:,
DESCR3:,
DESCR4:,
DESCR5:,
DTDATA:,20000424
LOWFRQ:,4400
HGHFRQ:,5000
GUNITS:,DBI/DBR
LWGAIN:,37.3
MDGAIN:,37.8
HGGAIN:,38.3
AZWIDT:,1.90
ELWIDT:,1.90
ATVSWR:,1.15
FRTOBA:,68.0
ELTILT:,0
PATTYP:,ENVELOPE
NOFREQ:,NA
PATFRE:,NA
NUMCUT:,4
PATCUT:,AZ
POLARI:,H/H
NUPOIN:,25
-180.0,-69.0,
-100.0,-69.0,
-78.0,-50.0,
-28.0,-48.0,
-15.0,-38.0,
-5.0,-23.2,
-2.3,-17.0,
-2.0,-10.0,
-1.0,-2.0,
-0.4,-0.2,
0.0,0.0,
0.4,-0.2,
1.0,-2.0,
2.0,-10.0,
2.5,-19.0,
5.0,-23.2,
8.5,-26.0,
10.0,-29.2,
15.0,-37.0,
24.0,-38.0,
28.0,-45.0,
52.0,-47.0,
80.0,-56.0,
100.0,-69.0,
180.0,-69.0,
PATCUT:,AZ
POLARI:,H/V
NUPOIN:,17
-180.,-72.0,
-164.,-72.0,
-160.,-74.0,
-88.0,-74.0,
-80.0,-68.0,
-12.0,-58.0,
-6.0,-50.0,
-4.0,-35.0,
0.0,-35.0,
4.0,-35.0,
6.0,-50.0,
12.0,-57.0,
62.0,-64.0,
84.0,-74.0,
160.0,-74.0,
164.0,-72.0,
180.0,-72.0,
PATCUT:,AZ
POLARI:,V/V
NUPOIN:,23
-180.0,-71.0,
-100.0,-71.0,
-72.0,-54.0,
-20.0,-41.0,
-15.0,-37.0,
-2.3,-19.0,
-2.0,-10.0,
-1.0,-2.0,
-0.4,-0.2,
0.0,0.0,
0.4,-0.2,
1.0,-2.0,
2.0,-10.0,
2.5,-19.0,
4.0,-19.0,
5.0,-23.2,
9.5,-29.0,
15.0,-35.5,
27.0,-38.0,
31.0,-46.0,
56.0,-46.0,
100.0,-71.0,
180.0,-71.0,
PATCUT:,AZ
POLARI:,V/H
NUPOIN:,14
-180.0,-74.0,
-100.0,-74.0,
-68.0,-62.0,
-24.0,-62.0,
-6.0,-50.0,
-4.0,-35.0,
0.0,-35.0,
4.0,-35.0,
6.0,-50.0,
13.5,-52.0,
36.0,-62.0,
64.0,-63.0,
92.0,-74.0,
180.0,-74.0,
ENDFIL:,EOF
