REVNUM:,NSMA WG16.99.050
REVDAT:,19990520
ANTMAN:,ANDREW CORPORATION
MODNUM:,HP8-44
PATNUM:,2527E
FEDORN:,NA
DESCR1:,
DESCR2:,
DESCR3:,
DESCR4:,
DESCR5:,
DTDATA:,19780612
LOWFRQ:,4400
HGHFRQ:,5000
GUNITS:,DBI/DBR
LWGAIN:,38.7
MDGAIN:,39.3
HGGAIN:,39.8
AZWIDT:,1.80
ELWIDT:,1.80
ATVSWR:,1.06
FRTOBA:,65.0
ELTILT:,0
PATTYP:,ENVELOPE
NOFREQ:,NA
PATFRE:,NA
NUMCUT:,4
PATCUT:,AZ
POLARI:,H/H
NUPOIN:,27
-180.00,-65.00,
-98.00,-65.00,
-65.00,-43.00,
-26.00,-38.00,
-12.30,-38.00,
-10.50,-30.00,
-7.90,-29.00,
-5.00,-22.00,
-2.50,-22.00,
-2.00,-12.00,
-1.50,-5.80,
-1.00,-2.10,
-0.50,-0.70,
0.00,0.00,
0.50,-0.70,
1.00,-2.10,
1.50,-5.80,
2.00,-12.00,
2.50,-22.00,
5.00,-22.00,
7.90,-29.00,
10.50,-30.00,
12.30,-38.00,
26.00,-38.00,
65.00,-43.00,
98.00,-65.00,
180.00,-65.00,
PATCUT:,AZ
POLARI:,H/V
NUPOIN:,15
-180.00,-68.00,
-90.00,-68.00,
-75.00,-61.10,
-18.00,-47.20,
-15.00,-47.00,
-2.80,-45.00,
-2.50,-30.00,
0.00,-30.00,
2.50,-30.00,
2.80,-45.00,
15.00,-47.00,
18.00,-47.20,
75.00,-61.10,
90.00,-68.00,
180.00,-68.00,
PATCUT:,AZ
POLARI:,V/V
NUPOIN:,29
-180.00,-65.00,
-98.00,-65.00,
-60.00,-50.00,
-31.00,-44.20,
-25.00,-36.00,
-15.00,-31.20,
-7.00,-25.10,
-4.50,-25.10,
-3.50,-22.00,
-2.50,-22.00,
-2.00,-12.00,
-1.50,-5.80,
-1.00,-2.10,
-0.50,-0.70,
0.00,0.00,
0.50,-0.70,
1.00,-2.10,
1.50,-5.80,
2.00,-12.00,
2.50,-22.00,
3.50,-22.00,
4.50,-25.10,
7.00,-25.10,
15.00,-31.20,
25.00,-36.00,
31.00,-44.20,
60.00,-50.00,
98.00,-65.00,
180.00,-65.00,
PATCUT:,AZ
POLARI:,V/H
NUPOIN:,17
-180.00,-67.90,
-90.00,-67.90,
-75.00,-61.00,
-46.00,-58.00,
-30.00,-58.00,
-15.00,-44.00,
-3.50,-44.00,
-2.50,-30.00,
0.00,-30.00,
2.50,-30.00,
3.50,-44.00,
15.00,-44.00,
30.00,-58.00,
46.00,-58.00,
75.00,-61.00,
90.00,-67.90,
180.00,-67.90,
ENDFIL:,EOF
