REVNUM:,NSMA WG16.99.050
REVDAT:,19990520
ANTMAN:,ANDREW CORPORATION
MODNUM:,HP12-44
PATNUM:,2540F
FEDORN:,NA
DESCR1:,
DESCR2:,
DESCR3:,
DESCR4:,
DESCR5:,
DTDATA:,19790129
LOWFRQ:,4400
HGHFRQ:,5000
GUNITS:,DBI/DBR
LWGAIN:,42.1
MDGAIN:,42.7
HGGAIN:,43.2
AZWIDT:,1.20
ELWIDT:,1.20
ATVSWR:,1.06
FRTOBA:,67.0
ELTILT:,0
PATTYP:,ENVELOPE
NOFREQ:,NA
PATFRE:,NA
NUMCUT:,4
PATCUT:,AZ
POLARI:,H/H
NUPOIN:,27
-180.00,-67.00,
-100.00,-67.00,
-80.00,-49.00,
-70.00,-44.00,
-40.00,-44.00,
-15.00,-36.00,
-11.10,-36.00,
-10.00,-33.00,
-7.00,-32.00,
-3.60,-25.00,
-2.00,-25.00,
-1.00,-5.00,
-0.50,-1.00,
0.00,0.00,
0.50,-1.00,
1.00,-5.00,
2.00,-25.00,
3.60,-25.00,
7.00,-32.00,
10.00,-33.00,
11.10,-36.00,
15.00,-36.00,
40.00,-44.00,
70.00,-44.00,
80.00,-49.00,
100.00,-67.00,
180.00,-67.00,
PATCUT:,AZ
POLARI:,H/V
NUPOIN:,19
-180.00,-68.00,
-100.00,-68.00,
-75.00,-63.00,
-40.50,-59.10,
-20.00,-50.00,
-7.50,-50.00,
-5.60,-44.00,
-2.00,-44.00,
-1.00,-30.00,
0.00,-30.00,
1.00,-30.00,
2.00,-44.00,
5.60,-44.00,
7.50,-50.00,
20.00,-50.00,
40.50,-59.10,
75.00,-63.00,
100.00,-68.00,
180.00,-68.00,
PATCUT:,AZ
POLARI:,V/V
NUPOIN:,27
-180.00,-67.00,
-100.00,-67.00,
-70.00,-52.10,
-40.50,-51.00,
-26.00,-45.00,
-15.00,-34.00,
-12.00,-34.00,
-10.00,-30.00,
-6.00,-26.00,
-4.00,-25.00,
-2.00,-25.00,
-1.00,-5.00,
-0.50,-1.00,
0.00,0.00,
0.50,-1.00,
1.00,-5.00,
2.00,-25.00,
4.00,-25.00,
6.00,-26.00,
10.00,-30.00,
12.00,-34.00,
15.00,-34.00,
26.00,-45.00,
40.50,-51.00,
70.00,-52.10,
100.00,-67.00,
180.00,-67.00,
PATCUT:,AZ
POLARI:,V/H
NUPOIN:,21
-180.00,-68.00,
-100.00,-68.00,
-75.00,-63.00,
-40.50,-59.10,
-15.00,-56.00,
-12.50,-56.00,
-10.60,-47.00,
-3.50,-47.00,
-2.10,-40.00,
-1.00,-30.00,
0.00,-30.00,
1.00,-30.00,
2.10,-40.00,
3.50,-47.00,
10.60,-47.00,
12.50,-56.00,
15.00,-56.00,
40.50,-59.10,
75.00,-63.00,
100.00,-68.00,
180.00,-68.00,
ENDFIL:,EOF
