REVNUM:,NSMA WG16.99.050
REVDAT:,19990520
ANTMAN:,ANDREW CORPORATION
MODNUM:,HP15-44
PATNUM:,2530E
FEDORN:,NA
DESCR1:,
DESCR2:,
DESCR3:,
DESCR4:,
DESCR5:,
DTDATA:,19780612
LOWFRQ:,4400
HGHFRQ:,5000
GUNITS:,DBI/DBR
LWGAIN:,44.0
MDGAIN:,44.5
HGGAIN:,45.0
AZWIDT:,1.00
ELWIDT:,1.00
ATVSWR:,1.06
FRTOBA:,68.0
ELTILT:,0
PATTYP:,ENVELOPE
NOFREQ:,NA
PATFRE:,NA
NUMCUT:,4
PATCUT:,AZ
POLARI:,H/H
NUPOIN:,23
-180.00,-68.00,
-100.00,-68.00,
-98.50,-65.00,
-90.00,-58.00,
-72.50,-50.00,
-15.00,-40.00,
-13.00,-39.00,
-7.00,-29.00,
-1.50,-24.70,
-1.00,-4.00,
-0.50,-1.20,
0.00,0.00,
0.50,-1.20,
1.00,-4.00,
1.50,-24.70,
7.00,-29.00,
13.00,-39.00,
15.00,-40.00,
72.50,-50.00,
90.00,-58.00,
98.50,-65.00,
100.00,-68.00,
180.00,-68.00,
PATCUT:,AZ
POLARI:,H/V
NUPOIN:,29
-180.00,-72.00,
-100.00,-72.00,
-60.00,-63.00,
-51.00,-57.90,
-30.50,-57.90,
-15.00,-53.60,
-11.00,-53.60,
-7.80,-52.50,
-6.60,-48.40,
-4.90,-48.40,
-2.80,-42.30,
-2.20,-42.30,
-1.50,-40.00,
-1.50,-30.00,
0.00,-30.00,
1.50,-30.00,
1.50,-40.00,
2.20,-42.30,
2.80,-42.30,
4.90,-48.40,
6.60,-48.40,
7.80,-52.50,
11.00,-53.60,
15.00,-53.60,
30.50,-57.90,
51.00,-57.90,
60.00,-63.00,
100.00,-72.00,
180.00,-72.00,
PATCUT:,AZ
POLARI:,V/V
NUPOIN:,21
-180.00,-68.00,
-100.00,-68.00,
-72.50,-52.00,
-40.00,-51.00,
-15.00,-40.00,
-13.40,-33.80,
-7.00,-26.00,
-1.50,-24.70,
-1.00,-4.00,
-0.50,-1.20,
0.00,0.00,
0.50,-1.20,
1.00,-4.00,
1.50,-24.70,
7.00,-26.00,
13.40,-33.80,
15.00,-40.00,
40.00,-51.00,
72.50,-52.00,
100.00,-68.00,
180.00,-68.00,
PATCUT:,AZ
POLARI:,V/H
NUPOIN:,21
-180.00,-72.00,
-100.00,-72.00,
-90.00,-70.00,
-71.00,-62.10,
-27.50,-62.10,
-15.00,-58.30,
-8.60,-44.00,
-2.10,-44.00,
-1.50,-40.00,
-1.50,-30.00,
0.00,-30.00,
1.50,-30.00,
1.50,-40.00,
2.10,-44.00,
8.60,-44.00,
15.00,-58.30,
27.50,-62.10,
71.00,-62.10,
90.00,-70.00,
100.00,-72.00,
180.00,-72.00,
ENDFIL:,EOF
