REVNUM:,NSMA WG16.99.050
REVDAT:,19990520
ANTMAN:,ANDREW CORPORATION
MODNUM:,PL4-44
PATNUM:,2551E
FEDORN:,NA
DESCR1:,
DESCR2:,
DESCR3:,
DESCR4:,
DESCR5:,
DTDATA:,19780612
LOWFRQ:,4400
HGHFRQ:,5000
GUNITS:,DBI/DBR
LWGAIN:,32.4
MDGAIN:,33.0
HGGAIN:,33.5
AZWIDT:,3.70
ELWIDT:,3.70
ATVSWR:,1.08
FRTOBA:,40.0
ELTILT:,0
PATTYP:,ENVELOPE
NOFREQ:,NA
PATFRE:,NA
NUMCUT:,4
PATCUT:,AZ
POLARI:,H/H
NUPOIN:,33
-180.00,-40.00,
-169.00,-40.00,
-169.00,-42.90,
-140.00,-42.90,
-120.00,-40.00,
-100.00,-32.00,
-15.00,-32.00,
-9.80,-22.90,
-6.70,-22.90,
-5.10,-20.00,
-4.50,-20.00,
-3.00,-9.10,
-2.00,-3.80,
-1.50,-1.90,
-1.00,-0.80,
-0.50,-0.20,
0.00,0.00,
0.50,-0.20,
1.00,-0.80,
1.50,-1.90,
2.00,-3.80,
3.00,-9.10,
4.50,-20.00,
5.10,-20.00,
6.70,-22.90,
9.80,-22.90,
15.00,-32.00,
100.00,-32.00,
120.00,-40.00,
140.00,-42.90,
169.00,-42.90,
169.00,-40.00,
180.00,-40.00,
PATCUT:,AZ
POLARI:,H/V
NUPOIN:,11
-180.00,-46.00,
-101.00,-46.00,
-86.00,-41.00,
-4.40,-41.00,
-3.90,-30.00,
0.00,-30.00,
3.90,-30.00,
4.40,-41.00,
86.00,-41.00,
101.00,-46.00,
180.00,-46.00,
PATCUT:,AZ
POLARI:,V/V
NUPOIN:,35
-180.00,-40.00,
-169.00,-40.00,
-169.00,-44.90,
-131.50,-44.90,
-100.00,-32.00,
-44.00,-32.00,
-19.50,-26.00,
-13.50,-26.00,
-10.40,-21.00,
-7.20,-21.00,
-5.10,-20.00,
-4.50,-20.00,
-3.00,-9.10,
-2.00,-3.80,
-1.50,-1.90,
-1.00,-0.80,
-0.50,-0.20,
0.00,0.00,
0.50,-0.20,
1.00,-0.80,
1.50,-1.90,
2.00,-3.80,
3.00,-9.10,
4.50,-20.00,
5.10,-20.00,
7.20,-21.00,
10.40,-21.00,
13.50,-26.00,
19.50,-26.00,
44.00,-32.00,
100.00,-32.00,
131.50,-44.90,
169.00,-44.90,
169.00,-40.00,
180.00,-40.00,
PATCUT:,AZ
POLARI:,V/H
NUPOIN:,17
-180.00,-46.00,
-101.00,-46.00,
-97.00,-44.90,
-30.00,-43.00,
-10.00,-43.00,
-7.00,-37.90,
-5.00,-37.90,
-3.90,-30.00,
0.00,-30.00,
3.90,-30.00,
5.00,-37.90,
7.00,-37.90,
10.00,-43.00,
30.00,-43.00,
97.00,-44.90,
101.00,-46.00,
180.00,-46.00,
ENDFIL:,EOF
