REVNUM:,NSMA WG16.99.050
REVDAT:,19990520
ANTMAN:,ANDREW CORPORATION
MODNUM:,PL10-44
PATNUM:,2554E
FEDORN:,NA
DESCR1:,
DESCR2:,
DESCR3:,
DESCR4:,
DESCR5:,
DTDATA:,19780612
LOWFRQ:,4400
HGHFRQ:,5000
GUNITS:,DBI/DBR
LWGAIN:,40.4
MDGAIN:,41.0
HGGAIN:,41.5
AZWIDT:,1.50
ELWIDT:,1.50
ATVSWR:,1.06
FRTOBA:,49.0
ELTILT:,0
PATTYP:,ENVELOPE
NOFREQ:,NA
PATFRE:,NA
NUMCUT:,4
PATCUT:,AZ
POLARI:,H/H
NUPOIN:,27
-180.00,-49.00,
-170.00,-49.00,
-170.00,-55.00,
-115.00,-55.00,
-90.50,-42.00,
-40.00,-42.00,
-30.00,-40.00,
-12.30,-40.00,
-10.00,-35.00,
-2.40,-25.00,
-1.50,-10.00,
-1.00,-3.90,
-0.50,-0.80,
0.00,0.00,
0.50,-0.80,
1.00,-3.90,
1.50,-10.00,
2.40,-25.00,
10.00,-35.00,
12.30,-40.00,
30.00,-40.00,
40.00,-42.00,
90.50,-42.00,
115.00,-55.00,
170.00,-55.00,
170.00,-49.00,
180.00,-49.00,
PATCUT:,AZ
POLARI:,H/V
NUPOIN:,15
-180.00,-55.00,
-20.00,-55.00,
-15.00,-51.80,
-7.00,-50.00,
-5.50,-46.00,
-2.50,-46.00,
-2.00,-30.00,
0.00,-30.00,
2.00,-30.00,
2.50,-46.00,
5.50,-46.00,
7.00,-50.00,
15.00,-51.80,
20.00,-55.00,
180.00,-55.00,
PATCUT:,AZ
POLARI:,V/V
NUPOIN:,35
-180.00,-49.00,
-170.00,-49.00,
-170.00,-55.00,
-110.00,-55.00,
-90.00,-44.00,
-80.00,-44.00,
-70.00,-47.90,
-50.00,-47.90,
-41.00,-42.00,
-30.00,-41.00,
-25.50,-31.90,
-12.00,-31.90,
-11.00,-28.00,
-2.40,-25.00,
-1.50,-10.00,
-1.00,-3.90,
-0.50,-0.80,
0.00,0.00,
0.50,-0.80,
1.00,-3.90,
1.50,-10.00,
2.40,-25.00,
11.00,-28.00,
12.00,-31.90,
25.50,-31.90,
30.00,-41.00,
41.00,-42.00,
50.00,-47.90,
70.00,-47.90,
80.00,-44.00,
90.00,-44.00,
110.00,-55.00,
170.00,-55.00,
170.00,-49.00,
180.00,-49.00,
PATCUT:,AZ
POLARI:,V/H
NUPOIN:,11
-180.00,-55.01,
-14.10,-55.00,
-13.00,-48.00,
-2.50,-48.00,
-2.00,-30.00,
0.00,-30.00,
2.00,-30.00,
2.50,-48.00,
13.00,-48.00,
14.10,-55.00,
180.00,-55.01,
ENDFIL:,EOF
