REVNUM:,NSMA WG16.99.050
REVDAT:,19990520
ANTMAN:,ANDREW CORPORATION
MODNUM:,PL15-44
PATNUM:,2557F
FEDORN:,NA
DESCR1:,
DESCR2:,
DESCR3:,
DESCR4:,
DESCR5:,
DTDATA:,19780612
LOWFRQ:,4400
HGHFRQ:,5000
GUNITS:,DBI/DBR
LWGAIN:,44.0
MDGAIN:,44.5
HGGAIN:,45.0
AZWIDT:,1.00
ELWIDT:,1.00
ATVSWR:,1.06
FRTOBA:,51.0
ELTILT:,0
PATTYP:,ENVELOPE
NOFREQ:,NA
PATFRE:,NA
NUMCUT:,4
PATCUT:,AZ
POLARI:,H/H
NUPOIN:,27
-180.00,-51.20,
-169.00,-51.20,
-169.00,-61.00,
-120.00,-61.00,
-99.50,-45.10,
-20.10,-44.10,
-15.00,-41.90,
-10.50,-41.10,
-6.50,-31.00,
-1.70,-25.00,
-1.50,-20.00,
-1.00,-5.00,
-0.50,-0.70,
0.00,0.00,
0.50,-0.70,
1.00,-5.00,
1.50,-20.00,
1.70,-25.00,
6.50,-31.00,
10.50,-41.10,
15.00,-41.90,
20.10,-44.10,
99.50,-45.10,
120.00,-61.00,
169.00,-61.00,
169.00,-51.20,
180.00,-51.20,
PATCUT:,AZ
POLARI:,H/V
NUPOIN:,19
-180.00,-64.00,
-55.00,-64.00,
-20.00,-57.10,
-12.60,-57.10,
-10.00,-55.00,
-7.00,-54.00,
-4.60,-45.00,
-3.50,-45.00,
-1.60,-29.00,
0.00,-29.00,
1.60,-29.00,
3.50,-45.00,
4.60,-45.00,
7.00,-54.00,
10.00,-55.00,
12.60,-57.10,
20.00,-57.10,
55.00,-64.00,
180.00,-64.00,
PATCUT:,AZ
POLARI:,V/V
NUPOIN:,27
-180.00,-51.20,
-169.00,-51.20,
-169.00,-61.00,
-120.00,-61.00,
-98.50,-47.00,
-25.00,-47.00,
-15.00,-41.90,
-13.00,-35.00,
-7.00,-26.90,
-2.50,-26.90,
-1.50,-20.00,
-1.00,-5.00,
-0.50,-0.70,
0.00,0.00,
0.50,-0.70,
1.00,-5.00,
1.50,-20.00,
2.50,-26.90,
7.00,-26.90,
13.00,-35.00,
15.00,-41.90,
25.00,-47.00,
98.50,-47.00,
120.00,-61.00,
169.00,-61.00,
169.00,-51.20,
180.00,-51.20,
PATCUT:,AZ
POLARI:,V/H
NUPOIN:,15
-180.00,-64.00,
-15.00,-64.00,
-12.80,-57.10,
-9.30,-57.10,
-7.50,-47.00,
-3.50,-47.00,
-1.60,-29.00,
0.00,-29.00,
1.60,-29.00,
3.50,-47.00,
7.50,-47.00,
9.30,-57.10,
12.80,-57.10,
15.00,-64.00,
180.00,-64.00,
ENDFIL:,EOF
