REVNUM:,NSMA WG16.99.050
REVDAT:,19990520
ANTMAN:,ANDREW CORPORATION
MODNUM:,PL12-44
PATNUM:,2556G
FEDORN:,NA
DESCR1:,
DESCR2:,
DESCR3:,
DESCR4:,
DESCR5:,
DTDATA:,19780612
LOWFRQ:,4400
HGHFRQ:,5000
GUNITS:,DBI/DBR
LWGAIN:,42.1
MDGAIN:,42.7
HGGAIN:,43.2
AZWIDT:,1.20
ELWIDT:,1.20
ATVSWR:,1.06
FRTOBA:,50.0
ELTILT:,0
PATTYP:,ENVELOPE
NOFREQ:,NA
PATFRE:,NA
NUMCUT:,4
PATCUT:,AZ
POLARI:,H/H
NUPOIN:,25
-180.00,-50.10,
-170.00,-50.10,
-170.00,-57.00,
-118.00,-57.00,
-100.00,-43.30,
-19.50,-42.10,
-15.00,-38.00,
-12.40,-38.00,
-1.70,-20.00,
-1.50,-13.00,
-1.00,-4.00,
-0.50,-1.20,
0.00,0.00,
0.50,-1.20,
1.00,-4.00,
1.50,-13.00,
1.70,-20.00,
12.40,-38.00,
15.00,-38.00,
19.50,-42.10,
100.00,-43.30,
118.00,-57.00,
170.00,-57.00,
170.00,-50.10,
180.00,-50.10,
PATCUT:,AZ
POLARI:,H/V
NUPOIN:,19
-180.00,-50.10,
-170.00,-50.10,
-170.00,-57.00,
-120.00,-57.00,
-79.50,-55.10,
-7.50,-55.10,
-6.00,-42.00,
-3.70,-42.00,
-1.60,-30.00,
0.00,-30.00,
1.60,-30.00,
3.70,-42.00,
6.00,-42.00,
7.50,-55.10,
79.50,-55.10,
120.00,-57.00,
170.00,-57.00,
170.00,-50.10,
180.00,-50.10,
PATCUT:,AZ
POLARI:,V/V
NUPOIN:,31
-180.00,-50.10,
-170.00,-50.10,
-170.00,-57.00,
-120.00,-57.00,
-100.00,-44.30,
-40.00,-42.40,
-25.20,-42.10,
-15.00,-32.90,
-12.50,-32.90,
-6.00,-24.00,
-4.00,-24.00,
-1.70,-20.00,
-1.50,-13.00,
-1.00,-4.00,
-0.50,-1.20,
0.00,0.00,
0.50,-1.20,
1.00,-4.00,
1.50,-13.00,
1.70,-20.00,
4.00,-24.00,
6.00,-24.00,
12.50,-32.90,
15.00,-32.90,
25.20,-42.10,
40.00,-42.40,
100.00,-44.30,
120.00,-57.00,
170.00,-57.00,
170.00,-50.10,
180.00,-50.10,
PATCUT:,AZ
POLARI:,V/H
NUPOIN:,21
-180.00,-50.10,
-170.00,-50.10,
-170.00,-57.00,
-120.00,-57.00,
-79.50,-55.10,
-10.50,-55.10,
-9.10,-46.00,
-7.00,-44.00,
-4.00,-44.00,
-1.60,-30.00,
0.00,-30.00,
1.60,-30.00,
4.00,-44.00,
7.00,-44.00,
9.10,-46.00,
10.50,-55.10,
79.50,-55.10,
120.00,-57.00,
170.00,-57.00,
170.00,-50.10,
180.00,-50.10,
ENDFIL:,EOF
