REVNUM:,NSMA WG16.99.050
REVDAT:,19990520
ANTMAN:,ANDREW CORPORATION
MODNUM:,UMX8-4459
PATNUM:,3310
FEDORN:,RIGHT
DESCR1:,Provisional
DESCR2:,
DESCR3:,
DESCR4:,
DESCR5:,
DTDATA:,20000424
LOWFRQ:,4400
HGHFRQ:,5000
GUNITS:,DBI/DBR
LWGAIN:,37.3
MDGAIN:,37.8
HGGAIN:,38.3
AZWIDT:,1.90
ELWIDT:,1.90
ATVSWR:,1.15
FRTOBA:,68.0
ELTILT:,0
PATTYP:,ENVELOPE
NOFREQ:,NA
PATFRE:,NA
NUMCUT:,4
PATCUT:,AZ
POLARI:,H/H
NUPOIN:,25
-180,-69,
-100,-69,
-80,-56,
-52,-47,
-28,-45,
-24,-38,
-15,-37,
-10.0,-29.2,
-8.5,-26,
-5.0,-23.2,
-2.5,-19,
-2,-10,
-1,-2,
-0.4,-0.2,
0,0,
0.4,-0.2,
1,-2,
2,-10,
2.3,-17,
5,-23.2,
15,-38,
28,-48,
78,-50,
100,-69,
180,-69,
PATCUT:,AZ
POLARI:,H/V
NUPOIN:,17
-180,-72,
-164,-72,
-160,-74,
-84,-74,
-62,-64,
-12,-57,
-6,-50,
-4,-35,
0,-35,
4,-35,
6,-50,
12,-58,
80,-68,
88,-74,
160,-74,
164,-72,
180,-72,
PATCUT:,AZ
POLARI:,V/V
NUPOIN:,23
-180,-71,
-100,-71,
-56,-46,
-31,-46,
-27,-38,
-15,-35.5,
-9.5,-29,
-5.0,-23.2,
-4.0,-19,
-2.5,-19,
-2,-10,
-1,-2,
-0.4,-0.2,
0,0,
0.4,-0.2,
1,-2,
2,-10,
2.3,-19,
15,-37,
20,-41,
72,-54,
100,-71,
180,-71,
PATCUT:,AZ
POLARI:,V/H
NUPOIN:,14
-180,-74,
-92,-74,
-64,-63,
-36,-62,
-13.5,-52,
-6,-50,
-4,-35,
0,-35,
4,-35,
6,-50,
24,-62,
68,-62,
100,-74,
180,-74,
ENDFIL:,EOF
