REVNUM:,NSMA WG16.99.050
REVDAT:,19990520
ANTMAN:,ANDREW CORPORATION
MODNUM:,PL8-44
PATNUM:,2553E
FEDORN:,NA
DESCR1:,
DESCR2:,
DESCR3:,
DESCR4:,
DESCR5:,
DTDATA:,19780612
LOWFRQ:,4400
HGHFRQ:,5000
GUNITS:,DBI/DBR
LWGAIN:,38.7
MDGAIN:,39.3
HGGAIN:,39.8
AZWIDT:,1.80
ELWIDT:,1.80
ATVSWR:,1.06
FRTOBA:,45.0
ELTILT:,0
PATTYP:,ENVELOPE
NOFREQ:,NA
PATFRE:,NA
NUMCUT:,4
PATCUT:,AZ
POLARI:,H/H
NUPOIN:,25
-180.00,-45.00,
-170.00,-45.00,
-170.00,-50.00,
-130.00,-50.00,
-100.50,-38.00,
-15.00,-38.00,
-10.50,-35.00,
-3.00,-19.90,
-2.30,-19.90,
-1.50,-7.00,
-1.00,-2.30,
-0.50,-0.50,
0.00,0.00,
0.50,-0.50,
1.00,-2.30,
1.50,-7.00,
2.30,-19.90,
3.00,-19.90,
10.50,-35.00,
15.00,-38.00,
100.50,-38.00,
130.00,-50.00,
170.00,-50.00,
170.00,-45.00,
180.00,-45.00,
PATCUT:,AZ
POLARI:,H/V
NUPOIN:,19
-180.00,-53.00,
-100.00,-53.00,
-80.00,-51.90,
-20.50,-51.90,
-15.00,-48.80,
-6.50,-45.00,
-3.00,-45.00,
-3.00,-45.00,
-2.10,-30.00,
0.00,-30.00,
2.10,-30.00,
3.00,-45.00,
3.00,-45.00,
6.50,-45.00,
15.00,-48.80,
20.50,-51.90,
80.00,-51.90,
100.00,-53.00,
180.00,-53.00,
PATCUT:,AZ
POLARI:,V/V
NUPOIN:,33
-180.00,-45.00,
-170.00,-45.00,
-170.00,-50.00,
-130.00,-50.00,
-101.00,-40.00,
-90.00,-40.00,
-71.00,-44.90,
-50.00,-44.90,
-25.00,-32.00,
-15.00,-30.00,
-6.00,-26.00,
-3.00,-19.90,
-2.30,-19.90,
-1.50,-7.00,
-1.00,-2.30,
-0.50,-0.50,
0.00,0.00,
0.50,-0.50,
1.00,-2.30,
1.50,-7.00,
2.30,-19.90,
3.00,-19.90,
6.00,-26.00,
15.00,-30.00,
25.00,-32.00,
50.00,-44.90,
71.00,-44.90,
90.00,-40.00,
101.00,-40.00,
130.00,-50.00,
170.00,-50.00,
170.00,-45.00,
180.00,-45.00,
PATCUT:,AZ
POLARI:,V/H
NUPOIN:,19
-180.00,-53.00,
-100.00,-53.00,
-80.00,-51.90,
-20.50,-51.90,
-15.00,-49.00,
-6.10,-49.00,
-5.20,-45.00,
-3.00,-45.00,
-2.10,-30.00,
0.00,-30.00,
2.10,-30.00,
3.00,-45.00,
5.20,-45.00,
6.10,-49.00,
15.00,-49.00,
20.50,-51.90,
80.00,-51.90,
100.00,-53.00,
180.00,-53.00,
ENDFIL:,EOF
