REVNUM:,NSMA WG16.99.050
REVDAT:,19990520
ANTMAN:,ANDREW CORPORATION
MODNUM:,HP12-4477
PATNUM:,0813
FEDORN:,NA
DESCR1:,
DESCR2:,
DESCR3:,
DESCR4:,
DESCR5:,
DTDATA:,19990630
LOWFRQ:,4400
HGHFRQ:,5000
GUNITS:,DBI/DBR
LWGAIN:,42.0
MDGAIN:,42.4
HGGAIN:,43.1
AZWIDT:,1.30
ELWIDT:,1.30
ATVSWR:,1.20
FRTOBA:,69.0
ELTILT:,0
PATTYP:,ENVELOPE
NOFREQ:,NA
PATFRE:,NA
NUMCUT:,4
PATCUT:,AZ
POLARI:,H/H
NUPOIN:,27
-180.0,-69.0,
-106.0,-69.0,
-104.0,-67.0,
-92.0,-67.0,
-66.0,-46.0,
-34.0,-46.0,
-15.0,-38.0,
-11.0,-38.0,
-7.0,-32.0,
-2.4,-19.0,
-1.7,-19.0,
-1.0,-05.0,
-0.5,-01.0,
0.0,0.0,
0.5,-01.0,
1.0,-05.0,
1.7,-19.0,
2.4,-19.0,
7.0,-32.0,
11.0,-38.0,
15.0,-38.0,
34.0,-46.0,
66.0,-46.0,
92.0,-67.0,
104.0,-67.0,
106.0,-69.0,
180.0,-69.0,
PATCUT:,AZ
POLARI:,H/V
NUPOIN:,17
-180.0,-69.0,
-73.0,-69.0,
-65.0,-63.0,
-46.0,-61.0,
-15.0,-47.0,
-13.0,-46.0,
-2.3,-46.0,
-1.0,-35.0,
0.0,-35.0,
1.0,-35.0,
2.3,-46.0,
13.0,-46.0,
15.0,-47.0,
46.0,-61.0,
65.0,-63.0,
73.0,-69.0,
180.0,-69.0,
PATCUT:,AZ
POLARI:,V/V
NUPOIN:,25
-180.0,-69.0,
-87.0,-69.0,
-80.0,-61.0,
-65.0,-55.0,
-48.0,-55.0,
-26.0,-45.0,
-15.0,-37.0,
-5.5,-32.0,
-2.4,-19.0,
-1.6,-19.0,
-1.0,-05.0,
-0.5,-01.0,
0.0,0.0,
0.5,-01.0,
1.0,-05.0,
1.6,-19.0,
2.4,-19.0,
5.5,-32.0,
15.0,-37.0,
26.0,-45.0,
48.0,-55.0,
65.0,-55.0,
80.0,-61.0,
87.0,-69.0,
180.0,-69.0,
PATCUT:,AZ
POLARI:,V/H
NUPOIN:,23
-180.0,-69.0,
-83.0,-69.0,
-76.0,-65.0,
-50.0,-65.0,
-44.0,-63.0,
-20.0,-62.0,
-15.0,-53.0,
-12.0,-48.0,
-3.0,-48.0,
-2.1,-40.0,
-1.3,-35.0,
0.0,-35.0,
1.3,-35.0,
2.1,-40.0,
3.0,-48.0,
12.0,-48.0,
15.0,-53.0,
20.0,-62.0,
44.0,-63.0,
50.0,-65.0,
76.0,-65.0,
83.0,-69.0,
180.0,-69.0,
ENDFIL:,EOF
