REVNUM:,NSMA WG16.99.050
REVDAT:,19990520
ANTMAN:,ANDREW CORPORATION
MODNUM:,P3F-52
PATNUM:,4529
FEDORN:,NA
DESCR1:,
DESCR2:,
DESCR3:,
DESCR4:,
DESCR5:,
DTDATA:,20010216
LOWFRQ:,5250
HGHFRQ:,5850
GUNITS:,DBI/DBR
LWGAIN:,32.3
MDGAIN:,33.0
HGGAIN:,33.3
AZWIDT:,3.80
ELWIDT:,3.80
ATVSWR:,1.50
FRTOBA:,44.0
ELTILT:,0
PATTYP:,ENVELOPE
NOFREQ:,NA
PATFRE:,NA
NUMCUT:,4
PATCUT:,AZ
POLARI:,H/H
NUPOIN:,39
-180.00,-44.00,
-130.00,-44.00,
-100.00,-38.00,
-80.00,-38.00,
-50.00,-31.00,
-35.00,-31.00,
-22.00,-24.00,
-17.00,-24.00,
-15.00,-21.00,
-10.00,-21.00,
-8.00,-13.00,
-4.00,-13.00,
-3.50,-9.60,
-3.00,-6.80,
-2.50,-4.50,
-2.00,-2.70,
-1.50,-1.50,
-1.00,-0.60,
-0.60,-0.20,
0.00,0.00,
0.60,-0.20,
1.00,-0.60,
1.50,-1.50,
2.00,-2.70,
2.50,-4.50,
3.00,-6.80,
3.50,-9.60,
4.00,-13.00,
8.00,-13.00,
10.00,-21.00,
15.00,-21.00,
17.00,-24.00,
22.00,-24.00,
35.00,-31.00,
50.00,-31.00,
80.00,-38.00,
100.00,-38.00,
130.00,-44.00,
180.00,-44.00,
PATCUT:,AZ
POLARI:,H/V
NUPOIN:,9
-180.00,-44.00,
-40.00,-44.00,
-15.00,-38.00,
-8.00,-30.00,
0.00,-30.00,
8.00,-30.00,
15.00,-38.00,
40.00,-44.00,
180.00,-44.00,
PATCUT:,AZ
POLARI:,V/V
NUPOIN:,35
-180.00,-44.00,
-120.00,-44.00,
-96.00,-32.00,
-76.00,-32.00,
-72.00,-34.00,
-40.00,-34.00,
-15.00,-26.00,
-12.00,-25.00,
-8.00,-16.00,
-4.20,-16.00,
-3.50,-9.60,
-3.00,-6.80,
-2.50,-4.50,
-2.00,-2.70,
-1.50,-1.50,
-1.00,-0.60,
-0.60,-0.20,
0.00,0.00,
0.60,-0.20,
1.00,-0.60,
1.50,-1.50,
2.00,-2.70,
2.50,-4.50,
3.00,-6.80,
3.50,-9.60,
4.20,-16.00,
8.00,-16.00,
12.00,-25.00,
15.00,-26.00,
40.00,-34.00,
72.00,-34.00,
76.00,-32.00,
96.00,-32.00,
120.00,-44.00,
180.00,-44.00,
PATCUT:,AZ
POLARI:,V/H
NUPOIN:,9
-180.00,-44.00,
-40.00,-44.00,
-15.00,-38.00,
-8.00,-30.00,
0.00,-30.00,
8.00,-30.00,
15.00,-38.00,
40.00,-44.00,
180.00,-44.00,
ENDFIL:,EOF
