REVNUM:,NSMA WG16.99.050
REVDAT:,19990520
ANTMAN:,ANDREW CORPORATION
MODNUM:,FPA5250D12-N
PATNUM:,4743
FEDORN:,NA
DESCR1:,
DESCR2:,
DESCR3:,
DESCR4:,
DESCR5:,
DTDATA:,20010323
LOWFRQ:,5250
HGHFRQ:,5850
GUNITS:,DBI/DBR
LWGAIN:,23.6
MDGAIN:,23.6
HGGAIN:,23.6
AZWIDT:,9.6
ELWIDT:,9.6
ATVSWR:,1.50
FRTOBA:,38.0
ELTILT:,0
PATTYP:,ENVELOPE
NOFREQ:,NA
PATFRE:,NA
NUMCUT:,4
PATCUT:,AZ
POLARI:,H/H
NUPOIN:,27
-180.00,-38.00,
-144.00,-38.00,
-72.00,-25.00,
-36.00,-25.00,
-24.00,-22.00,
-15.00,-22.00,
-12.00,-22.00,
-10.00,-14.00,
-8.00,-8.00,
-6.00,-4.00,
-4.00,-1.50,
-2.00,-0.40,
-0.50,-0.30,
0.00,0.00,
0.50,-0.30,
2.00,-0.40,
4.00,-1.50,
6.00,-4.00,
8.00,-8.00,
10.00,-14.00,
12.00,-22.00,
15.00,-22.00,
24.00,-22.00,
36.00,-25.00,
72.00,-25.00,
144.00,-38.00,
180.00,-38.00,
PATCUT:,AZ
POLARI:,H/V
NUPOIN:,7
-180.00,-39.00,
-100.00,-39.00,
-60.00,-25.00,
0.00,-25.00,
60.00,-25.00,
100.00,-39.00,
180.00,-39.00,
PATCUT:,AZ
POLARI:,V/V
NUPOIN:,27
-180.00,-38.00,
-140.00,-38.00,
-84.00,-26.00,
-60.00,-26.00,
-32.00,-18.00,
-15.00,-18.00,
-12.00,-18.00,
-10.00,-14.00,
-8.00,-8.00,
-6.00,-4.00,
-4.00,-1.50,
-2.00,-0.40,
-0.50,-0.30,
0.00,0.00,
0.50,-0.30,
2.00,-0.40,
4.00,-1.50,
6.00,-4.00,
8.00,-8.00,
10.00,-14.00,
12.00,-18.00,
15.00,-18.00,
32.00,-18.00,
60.00,-26.00,
84.00,-26.00,
140.00,-38.00,
180.00,-38.00,
PATCUT:,AZ
POLARI:,V/H
NUPOIN:,7
-180.00,-39.00,
-150.00,-39.00,
-80.00,-25.00,
0.00,-25.00,
80.00,-25.00,
150.00,-39.00,
180.00,-39.00,
ENDFIL:,EOF
