REVNUM:,NSMA WG16.99.050
REVDAT:,19990520
ANTMAN:,ANDREW CORPORATION
MODNUM:,P2F-52
PATNUM:,4528
FEDORN:,NA
DESCR1:,
DESCR2:,
DESCR3:,
DESCR4:,
DESCR5:,
DTDATA:,20010216
LOWFRQ:,5250
HGHFRQ:,5850
GUNITS:,DBI/DBR
LWGAIN:,29.0
MDGAIN:,29.2
HGGAIN:,29.9
AZWIDT:,5.40
ELWIDT:,5.40
ATVSWR:,1.50
FRTOBA:,43.0
ELTILT:,0
PATTYP:,ENVELOPE
NOFREQ:,NA
PATFRE:,NA
NUMCUT:,4
PATCUT:,AZ
POLARI:,H/H
NUPOIN:,29
-180.00,-43.00,
-130.00,-43.00,
-72.00,-30.00,
-36.00,-30.00,
-28.00,-24.00,
-15.00,-18.00,
-9.50,-11.00,
-5.20,-11.00,
-4.50,-8.00,
-4.00,-6.00,
-3.00,-3.10,
-2.00,-1.30,
-1.00,-0.35,
-0.60,-0.10,
0.00,0.00,
0.60,-0.10,
1.00,-0.35,
2.00,-1.30,
3.00,-3.10,
4.00,-6.00,
4.50,-8.00,
5.20,-11.00,
9.50,-11.00,
15.00,-18.00,
28.00,-24.00,
36.00,-30.00,
72.00,-30.00,
130.00,-43.00,
180.00,-43.00,
PATCUT:,AZ
POLARI:,H/V
NUPOIN:,9
-180.00,-43.00,
-50.00,-43.00,
-15.00,-36.00,
-10.00,-30.00,
0.00,-30.00,
10.00,-30.00,
15.00,-36.00,
50.00,-43.00,
180.00,-43.00,
PATCUT:,AZ
POLARI:,V/V
NUPOIN:,29
-180.00,-43.00,
-136.00,-43.00,
-96.00,-28.00,
-40.00,-28.00,
-20.00,-23.00,
-15.00,-16.00,
-10.00,-12.00,
-5.20,-12.00,
-4.50,-8.00,
-4.00,-6.00,
-3.00,-3.10,
-2.00,-1.30,
-1.00,-0.35,
-0.60,-0.10,
0.00,0.00,
0.60,-0.10,
1.00,-0.35,
2.00,-1.30,
3.00,-3.10,
4.00,-6.00,
4.50,-8.00,
5.20,-12.00,
10.00,-12.00,
15.00,-16.00,
20.00,-23.00,
40.00,-28.00,
96.00,-28.00,
136.00,-43.00,
180.00,-43.00,
PATCUT:,AZ
POLARI:,V/H
NUPOIN:,9
-180.00,-43.00,
-50.00,-43.00,
-15.00,-36.00,
-10.00,-30.00,
0.00,-30.00,
10.00,-30.00,
15.00,-36.00,
50.00,-43.00,
180.00,-43.00,
ENDFIL:,EOF
