REVNUM:,NSMA WG16.99.050
REVDAT:,19990520
ANTMAN:,ANDREW CORPORATION
MODNUM:,FPA5250D24-N
PATNUM:,4744
FEDORN:,NA
DESCR1:,
DESCR2:,
DESCR3:,
DESCR4:,
DESCR5:,
DTDATA:,20010323
LOWFRQ:,5250
HGHFRQ:,5850
GUNITS:,DBI/DBR
LWGAIN:,
MDGAIN:,28.2
HGGAIN:,
AZWIDT:,4.8
ELWIDT:,4.8
ATVSWR:,1.50
FRTOBA:,45.0
ELTILT:,0
PATTYP:,ENVELOPE
NOFREQ:,NA
PATFRE:,NA
NUMCUT:,4
PATCUT:,AZ
POLARI:,H/H
NUPOIN:,23
-180.00,-43.00,
-124.00,-43.00,
-100.00,-29.00,
-20.00,-29.00,
-15.00,-23.00,
-6.00,-23.00,
-4.00,-10.00,
-3.00,-5.00,
-2.00,-2.00,
-1.00,-0.40,
-0.50,-0.10,
0.00,0.00,
0.50,-0.10,
1.00,-0.40,
2.00,-2.00,
3.00,-5.00,
4.00,-10.00,
6.00,-23.00,
15.00,-23.00,
20.00,-29.00,
100.00,-29.00,
124.00,-43.00,
180.00,-43.00,
PATCUT:,AZ
POLARI:,H/V
NUPOIN:,9
-180.00,-44.00,
-112.00,-44.00,
-90.00,-35.00,
-40.00,-31.00,
0.00,-31.00,
40.00,-31.00,
90.00,-35.00,
112.00,-44.00,
180.00,-44.00,
PATCUT:,AZ
POLARI:,V/V
NUPOIN:,29
-180.00,-45.00,
-110.00,-45.00,
-95.00,-35.00,
-56.00,-29.00,
-44.00,-29.00,
-36.00,-21.00,
-32.00,-19.00,
-15.00,-19.00,
-6.00,-19.00,
-4.00,-10.00,
-3.00,-5.00,
-2.00,-2.00,
-1.00,-0.40,
-0.50,-0.10,
0.00,0.00,
0.50,-0.10,
1.00,-0.40,
2.00,-2.00,
3.00,-5.00,
4.00,-10.00,
6.00,-19.00,
15.00,-19.00,
32.00,-19.00,
36.00,-21.00,
44.00,-29.00,
56.00,-29.00,
95.00,-35.00,
110.00,-45.00,
180.00,-45.00,
PATCUT:,AZ
POLARI:,V/H
NUPOIN:,7
-180.00,-45.00,
-150.00,-45.00,
-100.00,-30.00,
0.00,-30.00,
100.00,-30.00,
150.00,-45.00,
180.00,-45.00,
ENDFIL:,EOF
