REVNUM:,NSMA WG16.99.050
REVDAT:,19990520
ANTMAN:,ANDREW CORPORATION
MODNUM:,UHX12-56
PATNUM:,1638C
FEDORN:,RIGHT
DESCR1:,
DESCR2:,
DESCR3:,
DESCR4:,
DESCR5:,
DTDATA:,20000414
LOWFRQ:,5600
HGHFRQ:,6200
GUNITS:,DBI/DBR
LWGAIN:,44.0
MDGAIN:,44.5
HGGAIN:,44.9
AZWIDT:,0.90
ELWIDT:,0.90
ATVSWR:,1.06
FRTOBA:,73.0
ELTILT:,0
PATTYP:,ENVELOPE
NOFREQ:,NA
PATFRE:,NA
NUMCUT:,4
PATCUT:,AZ
POLARI:,H/H
NUPOIN:,27
-180.0,-73.0,
-96.0,-73.0,
-70.0,-54.0,
-50.0,-54.0,
-19.0,-47.0,
-15.0,-43.0,
-14.0,-40.0,
-14.0,-38.0,
-4.0,-28.0,
-1.7,-24.0,
-1.5,-15.0,
-1.0,-8.0,
-0.5,-2.0,
-0.2,-0.2,
0.0,-0.0,
0.2,-0.2,
0.5,-2.0,
1.0,-8.0,
1.5,-28.0,
3.0,-28.0,
10.0,-40.0,
15.0,-44.5,
20.0,-46.0,
25.0,-52.0,
70.0,-60.0,
96.0,-73.0,
180.0,-73.0,
PATCUT:,AZ
POLARI:,H/V
NUPOIN:,14
-180.0,-73.0,
-96.0,-73.0,
-25.0,-65.0,
-15.0,-58.0,
-4.0,-49.0,
-3.0,-36.0,
0.0,-36.0,
3.5,-36.0,
4.0,-40.0,
6.0,-49.0,
15.0,-62.0,
25.0,-65.0,
95.0,-73.0,
180.0,-73.0,
PATCUT:,AZ
POLARI:,V/V
NUPOIN:,26
-180.0,-73.0,
-96.0,-73.0,
-72.5,-56.0,
-40.0,-56.0,
-18.0,-48.0,
-15.0,-44.0,
-12.0,-40.0,
-4.0,-28.0,
-1.7,-24.0,
-1.5,-15.0,
-1.0,-8.0,
-0.5,-2.0,
-0.2,-0.2,
0.0,-0.0,
0.2,-0.2,
0.5,-2.0,
1.0,-8.0,
1.5,-28.0,
3.0,-28.0,
8.0,-40.0,
15.0,-47.0,
30.0,-56.0,
50.0,-60.0,
70.0,-60.0,
96.0,-73.0,
180.0,-73.0,
PATCUT:,AZ
POLARI:,V/H
NUPOIN:,16
-180.0,-73.0,
-96.0,-73.0,
-40.0,-70.0,
-25.0,-65.0,
-15.0,-58.0,
-4.0,-49.0,
-3.0,-36.0,
0.0,-36.0,
3.5,-36.0,
4.0,-40.0,
6.0,-49.0,
15.0,-62.0,
25.0,-65.0,
40.0,-70.0,
95.0,-73.0,
180.0,-73.0,
ENDFIL:,EOF
