REVNUM:,NSMA WG16.99.050
REVDAT:,19990520
ANTMAN:,ANDREW CORPORATION
MODNUM:,UHX10-56
PATNUM:,1637C
FEDORN:,LEFT 
DESCR1:,
DESCR2:,
DESCR3:,
DESCR4:,
DESCR5:,
DTDATA:,20000414
LOWFRQ:,5600
HGHFRQ:,6200
GUNITS:,DBI/DBR
LWGAIN:,42.5
MDGAIN:,42.9
HGGAIN:,43.3
AZWIDT:,1.10
ELWIDT:,1.10
ATVSWR:,1.06
FRTOBA:,72.0
ELTILT:,0
PATTYP:,ENVELOPE
NOFREQ:,NA
PATFRE:,NA
NUMCUT:,4
PATCUT:,AZ
POLARI:,H/H
NUPOIN:,30
-180.0,-72.0,
-93.0,-72.0,
-80.0,-60.0,
-60.0,-57.0,
-23.0,-54.0,
-23.0,-50.0,
-15.0,-46.0,
-10.0,-44.0,
-9.0,-40.0,
-3.0,-20.0,
-2.2,-20.0,
-1.5,-15.0,
-1.0,-8.0,
-0.5,-2.0,
-0.2,-0.2,
0.0,-0.0,
0.2,-0.2,
0.5,-2.0,
1.0,-8.0,
1.5,-15.0,
2.4,-23.0,
3.0,-23.0,
12.0,-37.0,
15.0,-38.2,
18.0,-40.0,
25.0,-44.0,
42.0,-54.0,
70.0,-56.0,
90.0,-72.0,
180.0,-72.0,
PATCUT:,AZ
POLARI:,H/V
NUPOIN:,14
-180.0,-73.0,
-95.0,-73.0,
-25.0,-65.0,
-15.0,-62.0,
-6.0,-49.0,
-4.0,-40.0,
-3.5,-36.0,
0.0,-36.0,
3.0,-36.0,
4.0,-49.0,
15.0,-58.0,
25.0,-65.0,
96.0,-73.0,
180.0,-73.0,
PATCUT:,AZ
POLARI:,V/V
NUPOIN:,30
-180.0,-72.0,
-93.0,-72.0,
-80.0,-60.0,
-60.0,-58.0,
-23.0,-54.0,
-23.0,-50.0,
-15.0,-44.3,
-9.0,-40.0,
-3.0,-20.0,
-2.2,-20.0,
-1.5,-15.0,
-1.0,-8.0,
-0.5,-2.0,
-0.2,-0.2,
0.0,-0.0,
0.2,-0.2,
0.5,-2.0,
1.0,-8.0,
1.5,-15.0,
2.4,-23.0,
3.0,-23.0,
12.0,-37.0,
12.0,-40.0,
15.0,-40.0,
18.0,-40.0,
25.0,-44.0,
40.0,-53.0,
78.0,-54.0,
90.0,-72.0,
180.0,-72.0,
PATCUT:,AZ
POLARI:,V/H
NUPOIN:,16
-180.0,-73.0,
-95.0,-73.0,
-40.0,-70.0,
-25.0,-65.0,
-15.0,-62.0,
-6.0,-49.0,
-4.0,-40.0,
-3.5,-36.0,
0.0,-36.0,
3.0,-36.0,
4.0,-49.0,
15.0,-58.0,
25.0,-65.0,
40.0,-70.0,
96.0,-73.0,
180.0,-73.0,
ENDFIL:,EOF
