REVNUM:,NSMA WG16.99.050
REVDAT:,19990520
ANTMAN:,ANDREW CORPORATION
MODNUM:,HP6-57W
PATNUM:,0817
FEDORN:,NA
DESCR1:,
DESCR2:,
DESCR3:,
DESCR4:,
DESCR5:,
DTDATA:,19991130
LOWFRQ:,5725
HGHFRQ:,6425
GUNITS:,DBI/DBR
LWGAIN:,38.0
MDGAIN:,38.5
HGGAIN:,39.0
AZWIDT:,2.00
ELWIDT:,2.00
ATVSWR:,1.06
FRTOBA:,60.0
ELTILT:,0
PATTYP:,ENVELOPE
NOFREQ:,NA
PATFRE:,NA
NUMCUT:,4
PATCUT:,AZ
POLARI:,H/H
NUPOIN:,18
0.0,0.0,
0.6,-00.8,
0.8,-02.0,
1.1,-04.0,
1.3,-07.0,
1.7,-09.8,
2.4,-20.0,
5.0,-25.0,
6.0,-25.0,
8.0,-32.0,
10.5,-32.0,
15.0,-36.0,
20.0,-37.0,
30.0,-37.0,
30.5,-40.0,
60.0,-40.0,
98.0,-60.0,
180.0,-60.0,
PATCUT:,AZ
POLARI:,H/V
NUPOIN:,11
0.0,-30.0,
0.8,-30.0,
1.8,-30.0,
2.2,-30.0,
3.0,-44.0,
9.0,-44.0,
13.5,-46.0,
15.0,-46.0,
25.0,-46.0,
80.0,-63.0,
180.0,-63.0,
PATCUT:,AZ
POLARI:,V/V
NUPOIN:,20
0.0,00.0,
0.4,-00.2,
0.8,-01.0,
1.0,-02.8,
1.3,-04.8,
1.7,-10.0,
2.3,-20.0,
3.4,-20.0,
5.0,-23.0,
5.0,-25.0,
10.0,-30.0,
13.0,-30.0,
15.0,-33.0,
20.0,-37.0,
28.0,-39.0,
30.0,-42.0,
40.0,-42.0,
40.0,-44.0,
98.0,-60.0,
180.0,-60.0,
PATCUT:,AZ
POLARI:,V/H
NUPOIN:,16
0.8,-30.0,
1.8,-30.0,
2.2,-33.0,
2.3,-35.0,
2.6,-40.0,
6.0,-41.0,
8.9,-48.0,
12.9,-48.0,
15.0,-50.0,
50.0,-50.0,
54.5,-54.0,
60.0,-54.0,
66.0,-57.0,
75.0,-57.0,
85.0,-63.0,
180.0,-63.0,
ENDFIL:,EOF
