REVNUM:,NSMA WG16.99.050
REVDAT:,19990520
ANTMAN:,ANDREW CORPORATION
MODNUM:,HP10-57W
PATNUM:,4275
FEDORN:,NA
DESCR1:,Provisional
DESCR2:,
DESCR3:,
DESCR4:,
DESCR5:,
DTDATA:,19990102
LOWFRQ:,5725
HGHFRQ:,6425
GUNITS:,DBI/DBR
LWGAIN:,42.5
MDGAIN:,42.9
HGGAIN:,43.4
AZWIDT:,1.30
ELWIDT:,1.30
ATVSWR:,1.06
FRTOBA:,65.0
ELTILT:,0
PATTYP:,ENVELOPE
NOFREQ:,NA
PATFRE:,NA
NUMCUT:,4
PATCUT:,AZ
POLARI:,H/H
NUPOIN:,25
-180.0,-65.0,
-100.0,-65.0,
-86.5,-55.6,
-65.0,-44.0,
-15.0,-40.0,
-12.5,-40.0,
-10.0,-33.0,
-7.0,-33.0,
-4.8,-27.0,
-1.8,-23.0,
-1.0,-11.5,
-0.5,-01.5,
0.0,0.0,
0.5,-01.5,
1.0,-11.5,
1.8,-23.0,
4.8,-27.0,
7.0,-33.0,
10.0,-33.0,
12.5,-40.0,
15.0,-40.0,
65.0,-44.0,
86.5,-55.6,
100.0,-65.0,
180.0,-65.0,
PATCUT:,AZ
POLARI:,H/V
NUPOIN:,19
-180.0,-67.0,
-100.0,-67.0,
-60.0,-57.0,
-35.0,-53.0,
-20.0,-53.0,
-15.0,-49.0,
-7.5,-45.0,
-2.5,-45.0,
-1.5,-30.0,
0.0,-30.0,
1.5,-30.0,
2.5,-45.0,
7.5,-45.0,
15.0,-49.0,
20.0,-53.0,
35.0,-53.0,
60.0,-57.0,
100.0,-67.0,
180.0,-67.0,
PATCUT:,AZ
POLARI:,V/V
NUPOIN:,29
-180.0,-65.0,
-100.0,-65.0,
-71.0,-50.0,
-36.0,-40.0,
-30.0,-40.0,
-30.0,-36.0,
-15.0,-32.0,
-12.0,-32.0,
-10.5,-27.0,
-4.8,-27.0,
-1.8,-23.0,
-1.5,-11.5,
-1.0,-05.0,
-0.5,-01.5,
0.0,0.0,
0.5,-01.5,
1.0,-05.0,
1.5,-11.5,
1.8,-23.0,
4.8,-27.0,
10.5,-27.0,
12.0,-32.0,
15.0,-32.0,
30.0,-36.0,
30.0,-40.0,
36.0,-40.0,
71.0,-50.0,
100.0,-65.0,
180.0,-65.0,
PATCUT:,AZ
POLARI:,V/H
NUPOIN:,17
-180.0,-67.0,
-100.0,-67.0,
-65.0,-58.0,
-30.0,-57.0,
-15.0,-49.8,
-12.0,-42.0,
-2.3,-42.0,
-1.5,-30.0,
0.0,-30.0,
1.5,-30.0,
2.3,-42.0,
12.0,-42.0,
15.0,-49.8,
30.0,-57.0,
65.0,-58.0,
100.0,-67.0,
180.0,-67.0,
ENDFIL:,EOF
