REVNUM:,NSMA WG16.99.050
REVDAT:,19990520
ANTMAN:,ANDREW CORPORATION
MODNUM:,HP8-57W
PATNUM:,4273
FEDORN:,NA
DESCR1:,Provisional
DESCR2:,
DESCR3:,
DESCR4:,
DESCR5:,
DTDATA:,19990102
LOWFRQ:,5725
HGHFRQ:,6425
GUNITS:,DBI/DBR
LWGAIN:,40.7
MDGAIN:,41.2
HGGAIN:,41.7
AZWIDT:,1.60
ELWIDT:,1.60
ATVSWR:,1.06
FRTOBA:,64.0
ELTILT:,0
PATTYP:,ENVELOPE
NOFREQ:,NA
PATFRE:,NA
NUMCUT:,4
PATCUT:,AZ
POLARI:,H/H
NUPOIN:,31
-180.0,-64.0,
-100.0,-64.0,
-60.0,-42.0,
-45.0,-42.0,
-40.0,-41.0,
-30.0,-41.0,
-30.0,-38.0,
-20.0,-35.0,
-15.0,-35.0,
-11.5,-35.0,
-9.0,-30.0,
-1.5,-21.0,
-1.5,-10.0,
-1.0,-04.3,
-0.5,-01.7,
0.0,0.0,
0.5,-01.7,
1.0,-04.3,
1.5,-10.0,
1.5,-21.0,
9.0,-30.0,
11.5,-35.0,
15.0,-35.0,
20.0,-35.0,
30.0,-38.0,
30.0,-41.0,
40.0,-41.0,
45.0,-42.0,
60.0,-42.0,
100.0,-64.0,
180.0,-64.0,
PATCUT:,AZ
POLARI:,H/V
NUPOIN:,15
-180.0,-64.0,
-89.0,-64.0,
-15.0,-44.0,
-8.0,-44.0,
-6.5,-35.0,
-4.0,-35.0,
-3.0,-30.0,
0.0,-30.0,
3.0,-30.0,
4.0,-35.0,
6.5,-35.0,
8.0,-44.0,
15.0,-44.0,
89.0,-64.0,
180.0,-64.0,
PATCUT:,AZ
POLARI:,V/V
NUPOIN:,29
-180.0,-64.0,
-100.0,-64.0,
-45.0,-42.0,
-40.0,-41.0,
-30.0,-41.0,
-30.0,-38.0,
-20.0,-35.0,
-15.0,-33.0,
-3.0,-22.0,
-3.0,-18.0,
-1.5,-18.0,
-1.5,-10.0,
-1.0,-04.3,
-0.5,-01.7,
0.0,0.0,
0.5,-01.7,
1.0,-04.3,
1.5,-10.0,
1.5,-18.0,
3.0,-18.0,
3.0,-22.0,
15.0,-33.0,
20.0,-35.0,
30.0,-38.0,
30.0,-41.0,
40.0,-41.0,
45.0,-42.0,
100.0,-64.0,
180.0,-64.0,
PATCUT:,AZ
POLARI:,V/H
NUPOIN:,11
-180.0,-64.0,
-89.0,-64.0,
-15.0,-44.0,
-5.0,-39.0,
-3.0,-30.0,
0.0,-30.0,
3.0,-30.0,
5.0,-39.0,
15.0,-44.0,
89.0,-64.0,
180.0,-64.0,
ENDFIL:,EOF
