REVNUM:,NSMA WG16.99.050
REVDAT:,19990520
ANTMAN:,ANDREW CORPORATION
MODNUM:,HP12-57W
PATNUM:,4277
FEDORN:,NA
DESCR1:,Provisional
DESCR2:,
DESCR3:,
DESCR4:,
DESCR5:,
DTDATA:,19991119
LOWFRQ:,5725
HGHFRQ:,6425
GUNITS:,DBI/DBR
LWGAIN:,44.2
MDGAIN:,44.6
HGGAIN:,45.0
AZWIDT:,1.00
ELWIDT:,1.00
ATVSWR:,1.06
FRTOBA:,70.0
ELTILT:,0
PATTYP:,ENVELOPE
NOFREQ:,NA
PATFRE:,NA
NUMCUT:,4
PATCUT:,AZ
POLARI:,H/H
NUPOIN:,21
-180.0,-70.0,
-100.0,-70.0,
-70.0,-44.0,
-28.5,-44.0,
-15.0,-39.0,
-3.4,-22.0,
-1.7,-22.0,
-1.5,-18.0,
-1.0,-06.0,
-0.5,-01.3,
0.0,0.0,
0.5,-01.3,
1.0,-06.0,
1.5,-18.0,
1.7,-22.0,
3.4,-22.0,
15.0,-39.0,
28.5,-44.0,
70.0,-44.0,
100.0,-70.0,
180.0,-70.0,
PATCUT:,AZ
POLARI:,H/V
NUPOIN:,15
-180.0,-70.0,
-100.0,-70.0,
-70.0,-53.0,
-10.0,-53.0,
-6.0,-35.0,
-3.0,-35.0,
-3.0,-30.0,
0.0,-30.0,
3.0,-30.0,
3.0,-35.0,
6.0,-35.0,
10.0,-53.0,
70.0,-53.0,
100.0,-70.0,
180.0,-70.0,
PATCUT:,AZ
POLARI:,V/V
NUPOIN:,27
-180.0,-70.0,
-100.0,-70.0,
-70.0,-44.0,
-24.0,-44.0,
-18.0,-36.0,
-15.0,-36.0,
-8.2,-25.1,
-5.0,-23.0,
-3.5,-20.0,
-1.6,-20.0,
-1.5,-18.0,
-1.0,-06.0,
-0.5,-01.3,
0.0,0.0,
0.5,-01.3,
1.0,-06.0,
1.5,-18.0,
1.6,-20.0,
3.5,-20.0,
5.0,-23.0,
8.2,-25.1,
15.0,-36.0,
18.0,-36.0,
24.0,-44.0,
70.0,-44.0,
100.0,-70.0,
180.0,-70.0,
PATCUT:,AZ
POLARI:,V/H
NUPOIN:,19
-180.0,-70.0,
-100.0,-70.0,
-70.0,-53.0,
-25.0,-53.0,
-15.0,-51.2,
-10.2,-48.3,
-8.0,-41.0,
-5.2,-41.0,
-3.0,-30.0,
0.0,-30.0,
3.0,-30.0,
5.2,-41.0,
8.0,-41.0,
10.2,-48.3,
15.0,-51.2,
25.0,-53.0,
70.0,-53.0,
100.0,-70.0,
180.0,-70.0,
ENDFIL:,EOF
