REVNUM:,NSMA WG16.99.050
REVDAT:,19990520
ANTMAN:,ANDREW CORPORATION
MODNUM:,LBX12-59
PATNUM:,4643
FEDORN:,NA
DESCR1:,
DESCR2:,
DESCR3:,
DESCR4:,
DESCR5:,
DTDATA:,20000726
LOWFRQ:,5925
HGHFRQ:,6425
GUNITS:,DBI/DBR
LWGAIN:,44.4
MDGAIN:,44.8
HGGAIN:,45.1
AZWIDT:,0.90
ELWIDT:,0.90
ATVSWR:,1.06
FRTOBA:,62.0
ELTILT:,0
PATTYP:,ENVELOPE
NOFREQ:,NA
PATFRE:,NA
NUMCUT:,4
PATCUT:,AZ
POLARI:,H/H
NUPOIN:,25
-180.00,-62.00,
-120.00,-62.00,
-100.00,-52.00,
-30.00,-48.00,
-15.00,-38.00,
-8.00,-35.00,
-3.00,-29.00,
-2.50,-25.00,
-1.50,-25.00,
-1.20,-15.00,
-1.00,-8.00,
-0.60,-1.00,
0.00,0.00,
0.60,-1.00,
1.00,-8.00,
1.20,-15.00,
1.50,-25.00,
2.50,-25.00,
3.00,-29.00,
8.00,-35.00,
15.00,-38.00,
30.00,-48.00,
100.00,-52.00,
120.00,-62.00,
180.00,-62.00,
PATCUT:,AZ
POLARI:,H/V
NUPOIN:,13
-180.00,-62.00,
-30.00,-62.00,
-15.00,-55.00,
-8.00,-47.00,
-3.50,-45.00,
-2.00,-33.00,
0.00,-33.00,
2.00,-33.00,
3.50,-45.00,
8.00,-47.00,
15.00,-55.00,
30.00,-62.00,
180.00,-62.00,
PATCUT:,AZ
POLARI:,V/V
NUPOIN:,25
-180.00,-62.00,
-120.00,-62.00,
-100.00,-49.00,
-45.00,-49.00,
-15.00,-41.00,
-14.00,-37.00,
-3.50,-31.00,
-2.50,-25.00,
-1.50,-25.00,
-1.20,-15.00,
-1.00,-8.00,
-0.60,-1.00,
0.00,0.00,
0.60,-1.00,
1.00,-8.00,
1.20,-15.00,
1.50,-25.00,
2.50,-25.00,
3.50,-31.00,
14.00,-37.00,
15.00,-41.00,
45.00,-49.00,
100.00,-49.00,
120.00,-62.00,
180.00,-62.00,
PATCUT:,AZ
POLARI:,V/H
NUPOIN:,17
-180.00,-62.00,
-100.00,-62.00,
-95.00,-61.00,
-30.00,-61.00,
-15.00,-52.00,
-8.00,-45.00,
-2.50,-43.00,
-2.00,-33.00,
0.00,-33.00,
2.00,-33.00,
2.50,-43.00,
8.00,-45.00,
15.00,-52.00,
30.00,-61.00,
95.00,-61.00,
100.00,-62.00,
180.00,-62.00,
ENDFIL:,EOF
