REVNUM:,NSMA WG16.99.050
REVDAT:,19990520
ANTMAN:,ANDREW CORPORATION
MODNUM:,UMX8-4459
PATNUM:,3313
FEDORN:,RIGHT
DESCR1:,Provisional
DESCR2:,
DESCR3:,
DESCR4:,
DESCR5:,
DTDATA:,20000424
LOWFRQ:,5925
HGHFRQ:,6425
GUNITS:,DBI/DBR
LWGAIN:,39.8
MDGAIN:,40.0
HGGAIN:,40.7
AZWIDT:,1.40
ELWIDT:,1.40
ATVSWR:,1.15
FRTOBA:,69.0
ELTILT:,0
PATTYP:,ENVELOPE
NOFREQ:,NA
PATFRE:,NA
NUMCUT:,4
PATCUT:,AZ
POLARI:,H/H
NUPOIN:,33
-180,-72,
-112,-72,
-92,-69,
-68,-56,
-56,-56,
-42,-49,
-26,-46,
-15,-37,
-8,-30.5,
-7.2,-27,
-6,-27,
-4,-24,
-2.7,-15.5,
-1.6,-15.5,
-1.4,-10.5,
-0.8,-2.5,
-0.4,-0.2,
0,0,
0.4,-0.2,
0.8,-2.5,
1.4,-10.5,
1.6,-15.5,
2.7,-15.5,
4,-24,
5,-27,
9.7,-36.3,
11,-36.3,
13.5,-44.5,
28,-47,
40,-56,
76,-56,
100,-72,
180,-72,
PATCUT:,AZ
POLARI:,H/V
NUPOIN:,16
-180,-74,
-80,-74,
-64,-66,
-36,-66,
-24,-60,
-15,-58,
-8,-55,
-4,-35,
0,-35,
4,-35,
8,-55,
15,-59,
28,-69,
84,-70,
92,-74,
180,-74,
PATCUT:,AZ
POLARI:,V/V
NUPOIN:,27
-180,-74,
-96,-74,
-55,-49,
-32,-49,
-15,-40,
-12,-32,
-4,-25,
-2.6,-18,
-1.7,-18,
-1.4,-10.5,
-0.8,-2.5,
-0.4,-0.2,
0,0,
0.4,-0.2,
0.8,-2.5,
1.4,-10.5,
1.7,-19,
2.5,-19,
3.7,-24,
5.9,-29,
12,-36,
15,-45,
30,-50,
36,-56,
65,-57,
100,-74,
180,-74,
PATCUT:,AZ
POLARI:,V/H
NUPOIN:,16
-180,-74,
-88,-74,
-52,-62,
-15,-58,
-8,-53,
-4,-35,
0,-35,
4,-35,
8,-53,
15,-58,
24,-67,
44,-67,
52,-70,
88,-70,
92,-74,
180,-74,
ENDFIL:,EOF
