REVNUM:,NSMA WG16.99.050
REVDAT:,19990520
ANTMAN:,ANDREW CORPORATION
MODNUM:,HDX8-59
PATNUM:,1753
FEDORN:,RIGHT
DESCR1:,
DESCR2:,Dual Beam Antenna, Diversity; refer to RPE 1752 for Main.
DESCR3:,
DESCR4:,
DESCR5:,
DTDATA:,19880720
LOWFRQ:,5925
HGHFRQ:,6425
GUNITS:,DBI/DBR
LWGAIN:,41.2
MDGAIN:,41.5
HGGAIN:,41.8
AZWIDT:,1.40
ELWIDT:,1.40
ATVSWR:,1.06
FRTOBA:,73.0
ELTILT:,0
PATTYP:,ENVELOPE
NOFREQ:,NA
PATFRE:,NA
NUMCUT:,4
PATCUT:,AZ
POLARI:,H/H
NUPOIN:,31
-180.00,-73.00,
-90.00,-73.00,
-80.00,-69.60,
-63.00,-56.60,
-47.90,-56.60,
-45.00,-54.70,
-35.00,-54.70,
-20.00,-46.50,
-13.60,-46.50,
-11.00,-42.70,
-9.00,-40.50,
-8.00,-33.50,
-7.00,-31.70,
-4.80,-31.70,
-2.00,-20.60,
-1.50,-13.00,
0.00,-13.00,
1.50,-13.00,
2.00,-19.90,
5.00,-31.20,
7.00,-33.80,
7.70,-37.70,
10.00,-37.70,
11.00,-40.70,
15.00,-45.80,
40.00,-56.00,
60.00,-61.50,
65.00,-67.00,
80.00,-67.00,
85.00,-73.00,
180.00,-73.00,
PATCUT:,AZ
POLARI:,H/V
NUPOIN:,26
-180.00,-77.00,
-74.90,-77.00,
-65.00,-68.00,
-35.00,-68.00,
-27.00,-56.00,
-16.00,-47.00,
-13.00,-47.00,
-12.00,-42.00,
-10.00,-42.00,
-8.00,-40.00,
-5.50,-40.00,
-4.00,-39.00,
-2.00,-22.00,
0.00,-22.00,
2.00,-22.00,
3.50,-38.80,
6.00,-38.80,
7.30,-43.00,
13.00,-43.00,
15.00,-46.80,
17.00,-46.80,
28.00,-63.00,
36.90,-67.90,
55.00,-67.90,
70.00,-77.00,
180.00,-77.00,
PATCUT:,AZ
POLARI:,V/V
NUPOIN:,28
-180.00,-73.00,
-80.00,-73.00,
-70.00,-68.00,
-61.00,-56.60,
-34.00,-56.60,
-26.00,-50.00,
-20.00,-44.00,
-11.40,-44.00,
-9.00,-32.20,
-5.00,-32.20,
-3.00,-24.50,
-1.50,-13.00,
0.00,-13.00,
1.50,-13.00,
2.50,-26.00,
4.00,-26.00,
5.00,-32.00,
7.50,-32.00,
11.00,-41.00,
13.00,-42.40,
15.00,-45.90,
30.00,-53.50,
35.00,-53.50,
55.00,-60.50,
63.00,-70.00,
75.00,-70.00,
80.00,-73.00,
180.00,-73.00,
PATCUT:,AZ
POLARI:,V/H
NUPOIN:,29
-180.00,-77.00,
-80.00,-77.00,
-70.00,-69.00,
-50.00,-64.00,
-30.50,-64.00,
-20.00,-57.00,
-13.60,-57.00,
-13.00,-55.10,
-11.00,-52.60,
-9.00,-46.10,
-5.80,-46.10,
-4.00,-36.40,
-2.00,-18.00,
0.00,-18.00,
2.00,-18.00,
2.60,-30.00,
4.00,-38.30,
6.30,-48.00,
11.00,-48.00,
11.90,-50.80,
14.00,-50.80,
15.00,-53.20,
25.00,-62.30,
37.00,-68.00,
55.00,-68.00,
66.00,-74.50,
80.00,-74.50,
85.00,-77.00,
180.00,-77.00,
ENDFIL:,EOF
