REVNUM:,NSMA WG16.99.050
REVDAT:,19990520
ANTMAN:,ANDREW CORPORATION
MODNUM:,HP10-59
PATNUM:,2672G
FEDORN:,NA
DESCR1:,
DESCR2:,
DESCR3:,
DESCR4:,
DESCR5:,
DTDATA:,20011130
LOWFRQ:, 5925 
HGHFRQ:, 6425 
GUNITS:,DBI/DBR
LWGAIN:,42.9
MDGAIN:,43.3
HGGAIN:,43.6
AZWIDT:,1.1
ELWIDT:,1.1
ATVSWR:,1.06
FRTOBA:,69
ELTILT:,0
PATTYP:,ENVELOPE
NOFREQ:,NA
PATFRE:,NA
NUMCUT:,4
PATCUT:,AZ
POLARI:,H/H
NUPOIN:, 25 
-180.00,-69.00,
-100.00,-69.00,
-86.50,-57.60,
-65.00,-46.00,
-15.00,-42.00,
-12.50,-42.00,
-10.00,-35.00,
-7.00,-35.00,
-4.80,-29.00,
-1.80,-25.00,
-1.00,-11.50,
-0.50,-1.50,
0.00,0.00,
0.50,-1.50,
1.00,-11.50,
1.80,-25.00,
4.80,-29.00,
7.00,-35.00,
10.00,-35.00,
12.50,-42.00,
15.00,-42.00,
65.00,-46.00,
86.50,-57.60,
100.00,-69.00,
180.00,-69.00,
PATCUT:,AZ
POLARI:,H/V
NUPOIN:, 19 
-180.00,-71.00,
-100.00,-71.00,
-60.00,-59.00,
-35.00,-55.00,
-20.00,-55.00,
-15.00,-51.00,
-7.50,-47.00,
-2.50,-47.00,
-1.50,-30.00,
0.00,-30.00,
1.50,-30.00,
2.50,-47.00,
7.50,-47.00,
15.00,-51.00,
20.00,-55.00,
35.00,-55.00,
60.00,-59.00,
100.00,-71.00,
180.00,-71.00,
PATCUT:,AZ
POLARI:,V/V
NUPOIN:, 29 
-180.00,-69.00,
-100.00,-69.00,
-71.00,-52.00,
-36.00,-42.00,
-30.01,-42.00,
-30.00,-38.00,
-15.00,-34.00,
-12.00,-34.00,
-10.50,-29.00,
-4.80,-29.00,
-1.80,-25.00,
-1.50,-11.50,
-1.00,-5.00,
-0.50,-1.50,
0.00,0.00,
0.50,-1.50,
1.00,-5.00,
1.50,-11.50,
1.80,-25.00,
4.80,-29.00,
10.50,-29.00,
12.00,-34.00,
15.00,-34.00,
30.00,-38.00,
30.01,-42.00,
36.00,-42.00,
71.00,-52.00,
100.00,-69.00,
180.00,-69.00,
PATCUT:,AZ
POLARI:,V/H
NUPOIN:, 17 
-180.00,-71.00,
-100.00,-71.00,
-65.00,-60.00,
-30.00,-59.00,
-15.00,-51.80,
-12.00,-44.00,
-2.30,-44.00,
-1.50,-30.00,
0.00,-30.00,
1.50,-30.00,
2.30,-44.00,
12.00,-44.00,
15.00,-51.80,
30.00,-59.00,
65.00,-60.00,
100.00,-71.00,
180.00,-71.00,
ENDFIL:,EOF
