REVNUM:,NSMA WG16.99.050
REVDAT:,19990520
ANTMAN:,ANDREW CORPORATION
MODNUM:,HDX10-59
PATNUM:,1759A
FEDORN:,LEFT 
DESCR1:,
DESCR2:,Dual Beam Antenna, Diversity; refer to RPE 1758 for Main.
DESCR3:,
DESCR4:,
DESCR5:,
DTDATA:,19880826
LOWFRQ:,5925
HGHFRQ:,6425
GUNITS:,DBI/DBR
LWGAIN:,42.9
MDGAIN:,43.2
HGGAIN:,43.4
AZWIDT:,1.10
ELWIDT:,1.10
ATVSWR:,1.06
FRTOBA:,74.0
ELTILT:,0
PATTYP:,ENVELOPE
NOFREQ:,NA
PATFRE:,NA
NUMCUT:,4
PATCUT:,AZ
POLARI:,H/H
NUPOIN:,40
-180.00,-74.00,
-75.00,-74.00,
-70.00,-64.50,
-65.00,-63.00,
-55.00,-62.00,
-37.00,-62.00,
-35.00,-59.00,
-25.00,-54.00,
-18.00,-54.00,
-15.00,-48.00,
-13.20,-48.00,
-12.50,-46.50,
-11.50,-46.50,
-11.00,-44.50,
-8.60,-44.50,
-7.20,-38.00,
-6.50,-38.00,
-5.40,-33.00,
-2.90,-33.00,
-1.80,-20.00,
-1.00,-12.00,
0.00,-12.00,
1.00,-12.00,
2.20,-28.50,
3.50,-28.50,
4.50,-33.00,
6.00,-33.00,
6.40,-36.00,
8.00,-36.00,
8.80,-37.50,
10.50,-37.50,
12.50,-46.00,
20.00,-46.00,
23.00,-52.00,
28.50,-52.00,
30.00,-55.00,
76.00,-55.00,
84.00,-72.00,
93.00,-74.00,
180.00,-74.00,
PATCUT:,AZ
POLARI:,H/V
NUPOIN:,41
-180.00,-77.00,
-71.00,-77.00,
-65.00,-73.20,
-41.30,-73.20,
-40.00,-70.30,
-35.00,-67.50,
-30.00,-67.50,
-25.00,-64.50,
-17.00,-60.00,
-14.50,-60.00,
-13.60,-57.50,
-9.40,-57.50,
-9.00,-54.50,
-7.30,-54.50,
-7.00,-53.00,
-6.00,-53.00,
-5.40,-47.00,
-4.60,-47.00,
-3.50,-39.00,
-2.20,-30.00,
-1.50,-20.00,
0.00,-20.00,
1.50,-20.00,
2.30,-31.00,
3.50,-42.50,
5.00,-42.50,
5.50,-49.50,
7.00,-49.50,
7.40,-51.00,
10.50,-51.00,
11.50,-53.50,
13.00,-53.50,
14.00,-56.50,
15.00,-56.50,
25.00,-58.50,
30.20,-65.50,
40.00,-65.50,
45.00,-70.00,
70.00,-70.00,
78.00,-77.00,
180.00,-77.00,
PATCUT:,AZ
POLARI:,V/V
NUPOIN:,41
-180.00,-74.00,
-80.00,-74.00,
-72.00,-69.00,
-66.50,-62.50,
-37.40,-62.50,
-35.00,-57.50,
-18.00,-57.50,
-12.60,-46.50,
-10.30,-46.50,
-10.00,-45.50,
-8.50,-45.50,
-8.00,-39.00,
-6.30,-39.00,
-6.00,-33.50,
-4.20,-33.50,
-4.00,-31.00,
-2.90,-31.00,
-1.00,-12.00,
0.00,-12.00,
1.00,-12.00,
2.80,-32.50,
3.50,-32.50,
4.10,-35.00,
6.00,-35.00,
6.20,-36.20,
8.00,-36.20,
9.00,-42.00,
10.20,-42.00,
11.70,-45.50,
13.00,-45.50,
13.40,-48.50,
20.00,-48.50,
24.00,-51.00,
26.50,-51.00,
32.50,-58.50,
65.00,-58.50,
70.00,-63.00,
77.00,-67.00,
80.00,-73.00,
90.00,-74.00,
180.00,-74.00,
PATCUT:,AZ
POLARI:,V/H
NUPOIN:,36
-180.00,-77.00,
-76.00,-77.00,
-66.00,-69.00,
-30.00,-69.00,
-26.00,-66.50,
-23.00,-66.50,
-12.20,-57.00,
-8.70,-57.00,
-7.00,-52.50,
-5.80,-52.50,
-4.50,-45.00,
-4.10,-45.00,
-3.20,-36.50,
-2.30,-27.00,
-1.50,-20.00,
0.00,-20.00,
1.50,-20.00,
2.20,-28.00,
3.00,-33.00,
4.40,-47.00,
5.00,-47.00,
6.20,-55.50,
10.00,-55.50,
10.30,-56.00,
13.00,-56.00,
15.00,-60.50,
25.00,-60.50,
26.90,-65.50,
40.00,-65.50,
45.00,-66.50,
47.80,-67.50,
65.00,-67.50,
68.70,-73.00,
76.00,-73.00,
84.00,-77.00,
180.00,-77.00,
ENDFIL:,EOF
