REVNUM:,NSMA WG16.99.050
REVDAT:,19990520
ANTMAN:,ANDREW CORPORATION
MODNUM:,FP12-59
PATNUM:,6107
FEDORN:,NA
DESCR1:,
DESCR2:,
DESCR3:,
DESCR4:,
DESCR5:,
DTDATA:,19771129
LOWFRQ:,5925
HGHFRQ:,6425
GUNITS:,DBI/DBR
LWGAIN:,44.2
MDGAIN:,44.6
HGGAIN:,44.7
AZWIDT:,0.90
ELWIDT:,0.90
ATVSWR:,1.04
FRTOBA:,68.0
ELTILT:,0
PATTYP:,ENVELOPE
NOFREQ:,NA
PATFRE:,NA
NUMCUT:,4
PATCUT:,AZ
POLARI:,H/H
NUPOIN:,27
-180.00,-68.00,
-125.00,-68.00,
-103.00,-65.00,
-87.00,-49.00,
-56.00,-47.00,
-32.00,-47.00,
-26.50,-39.60,
-15.00,-35.00,
-10.00,-33.00,
-5.00,-25.00,
-3.20,-21.00,
-1.20,-21.00,
-0.50,-6.00,
0.00,0.00,
0.50,-6.00,
1.20,-21.00,
3.20,-21.00,
5.00,-25.00,
10.00,-33.00,
15.00,-35.00,
26.50,-39.60,
32.00,-47.00,
56.00,-47.00,
87.00,-49.00,
103.00,-65.00,
125.00,-68.00,
180.00,-68.00,
PATCUT:,AZ
POLARI:,H/V
NUPOIN:,17
-180.00,-68.00,
-115.00,-68.00,
-50.00,-59.00,
-23.00,-57.00,
-15.00,-49.00,
-10.00,-43.00,
-3.80,-43.00,
-2.00,-28.00,
0.00,-28.00,
2.00,-28.00,
3.80,-43.00,
10.00,-43.00,
15.00,-49.00,
23.00,-57.00,
50.00,-59.00,
115.00,-68.00,
180.00,-68.00,
PATCUT:,AZ
POLARI:,V/V
NUPOIN:,25
-180.00,-68.00,
-125.00,-68.00,
-103.00,-65.00,
-87.00,-49.00,
-56.00,-47.00,
-32.00,-47.00,
-26.50,-39.60,
-15.00,-35.00,
-10.00,-33.00,
-5.00,-25.00,
-3.20,-21.00,
-1.20,-21.00,
-0.50,-6.00,
0.00,0.00,
0.50,-6.00,
1.20,-21.00,
3.20,-21.00,
5.00,-25.00,
10.00,-33.00,
15.00,-35.00,
26.50,-39.60,
32.00,-47.00,
56.00,-47.00,
87.00,-49.00,
103.00,-65.00,
125.00,-68.00,
180.00,-68.00,
PATCUT:,AZ
POLARI:,V/H
NUPOIN:,17
-180.00,-68.00,
-115.00,-68.00,
-50.00,-59.00,
-23.00,-57.00,
-15.00,-49.00,
-10.00,-43.00,
-3.80,-43.00,
-2.00,-28.00,
0.00,-28.00,
2.00,-28.00,
3.80,-43.00,
10.00,-43.00,
15.00,-49.00,
23.00,-57.00,
50.00,-59.00,
115.00,-68.00,
180.00,-68.00,
ENDFIL:,EOF
