REVNUM:,NSMA WG16.99.050
REVDAT:,19990520
ANTMAN:,ANDREW CORPORATION
MODNUM:,PXL12-59
PATNUM:,2620F
FEDORN:,NA
DESCR1:,
DESCR2:,
DESCR3:,
DESCR4:,
DESCR5:,
DTDATA:,19740528
LOWFRQ:,5925
HGHFRQ:,6425
GUNITS:,DBI/DBR
LWGAIN:,44.4
MDGAIN:,44.8
HGGAIN:,45.2
AZWIDT:,0.90
ELWIDT:,0.90
ATVSWR:,1.06
FRTOBA:,53.0
ELTILT:,0
PATTYP:,ENVELOPE
NOFREQ:,NA
PATFRE:,NA
NUMCUT:,4
PATCUT:,AZ
POLARI:,H/H
NUPOIN:,29
-180.00,-53.00,
-176.50,-53.00,
-173.00,-57.00,
-122.00,-57.00,
-102.00,-43.00,
-82.80,-43.00,
-81.00,-44.00,
-32.80,-44.00,
-15.00,-34.10,
-10.50,-31.00,
-4.50,-23.00,
-1.50,-23.00,
-1.00,-10.00,
-0.50,-3.00,
0.00,0.00,
0.50,-3.00,
1.00,-10.00,
1.50,-23.00,
4.50,-23.00,
10.50,-31.00,
15.00,-34.10,
32.80,-44.00,
81.00,-44.00,
82.80,-43.00,
102.00,-43.00,
122.00,-57.00,
173.00,-57.00,
176.50,-53.00,
180.00,-53.00,
PATCUT:,AZ
POLARI:,H/V
NUPOIN:,13
-180.00,-57.00,
-122.00,-57.00,
-110.00,-54.00,
-15.00,-54.00,
-5.00,-35.00,
-3.00,-30.00,
0.00,-30.00,
3.00,-30.00,
5.00,-35.00,
15.00,-54.00,
110.00,-54.00,
122.00,-57.00,
180.00,-57.00,
PATCUT:,AZ
POLARI:,V/V
NUPOIN:,29
-180.00,-53.00,
-176.50,-53.00,
-173.00,-57.00,
-122.00,-57.00,
-102.00,-43.00,
-82.80,-43.00,
-81.00,-44.00,
-32.80,-44.00,
-15.00,-34.10,
-10.50,-31.00,
-4.50,-23.00,
-1.50,-23.00,
-1.00,-10.00,
-0.50,-3.00,
0.00,0.00,
0.50,-3.00,
1.00,-10.00,
1.50,-23.00,
4.50,-23.00,
10.50,-31.00,
15.00,-34.10,
32.80,-44.00,
81.00,-44.00,
82.80,-43.00,
102.00,-43.00,
122.00,-57.00,
173.00,-57.00,
176.50,-53.00,
180.00,-53.00,
PATCUT:,AZ
POLARI:,V/H
NUPOIN:,13
-180.00,-57.01,
-122.00,-57.00,
-110.00,-54.00,
-15.00,-54.00,
-5.00,-35.00,
-3.00,-30.00,
0.00,-30.00,
3.00,-30.00,
5.00,-35.00,
15.00,-54.00,
110.00,-54.00,
122.00,-57.00,
180.00,-57.01,
ENDFIL:,EOF
