REVNUM:,NSMA WG16.99.050
REVDAT:,19990520
ANTMAN:,ANDREW CORPORATION
MODNUM:,HP10-611
PATNUM:,3049E
FEDORN:,NA
DESCR1:,
DESCR2:,
DESCR3:,
DESCR4:,
DESCR5:,
DTDATA:,19790427
LOWFRQ:,5925
HGHFRQ:,6425
GUNITS:,DBI/DBR
LWGAIN:,42.7
MDGAIN:,43.0
HGGAIN:,43.2
AZWIDT:,1.10
ELWIDT:,1.10
ATVSWR:,1.06
FRTOBA:,72.0
ELTILT:,0
PATTYP:,ENVELOPE
NOFREQ:,NA
PATFRE:,NA
NUMCUT:,4
PATCUT:,AZ
POLARI:,H/H
NUPOIN:,27
-180.00,-72.00,
-100.00,-72.00,
-66.00,-50.00,
-55.00,-50.00,
-40.00,-43.00,
-13.00,-43.00,
-9.50,-33.00,
-6.00,-33.00,
-3.60,-24.90,
-2.00,-24.00,
-1.50,-15.00,
-1.00,-4.00,
-0.50,-0.90,
0.00,0.00,
0.50,-0.90,
1.00,-4.00,
1.50,-15.00,
2.00,-24.00,
3.60,-24.90,
6.00,-33.00,
9.50,-33.00,
13.00,-43.00,
40.00,-43.00,
55.00,-50.00,
66.00,-50.00,
100.00,-72.00,
180.00,-72.00,
PATCUT:,AZ
POLARI:,H/V
NUPOIN:,13
-180.00,-74.00,
-100.00,-74.00,
-61.00,-60.00,
-15.00,-48.80,
-2.60,-46.00,
-1.60,-30.00,
0.00,-30.00,
1.60,-30.00,
2.60,-46.00,
15.00,-48.80,
61.00,-60.00,
100.00,-74.00,
180.00,-74.00,
PATCUT:,AZ
POLARI:,V/V
NUPOIN:,25
-180.00,-72.00,
-100.00,-72.00,
-55.00,-53.00,
-35.00,-44.00,
-15.00,-39.00,
-11.60,-39.00,
-9.00,-32.00,
-6.20,-32.00,
-2.00,-25.00,
-1.50,-15.00,
-1.00,-4.00,
-0.50,-0.90,
0.00,0.00,
0.50,-0.90,
1.00,-4.00,
1.50,-15.00,
2.00,-25.00,
6.20,-32.00,
9.00,-32.00,
11.60,-39.00,
15.00,-39.00,
35.00,-44.00,
55.00,-53.00,
100.00,-72.00,
180.00,-72.00,
PATCUT:,AZ
POLARI:,V/H
NUPOIN:,19
-180.00,-74.00,
-100.00,-74.00,
-70.00,-63.00,
-20.00,-58.00,
-15.00,-51.90,
-7.50,-51.90,
-6.20,-46.70,
-2.60,-45.90,
-1.60,-30.00,
0.00,-30.00,
1.60,-30.00,
2.60,-45.90,
6.20,-46.70,
7.50,-51.90,
15.00,-51.90,
20.00,-58.00,
70.00,-63.00,
100.00,-74.00,
180.00,-74.00,
ENDFIL:,EOF
