REVNUM:,NSMA WG16.99.050
REVDAT:,19990520
ANTMAN:,ANDREW CORPORATION
MODNUM:,PXL10-59
PATNUM:,2618D
FEDORN:,NA
DESCR1:,
DESCR2:,
DESCR3:,
DESCR4:,
DESCR5:,
DTDATA:,19740528
LOWFRQ:,5925
HGHFRQ:,6425
GUNITS:,DBI/DBR
LWGAIN:,42.7
MDGAIN:,43.1
HGGAIN:,43.5
AZWIDT:,1.10
ELWIDT:,1.10
ATVSWR:,1.06
FRTOBA:,49.0
ELTILT:,0
PATTYP:,ENVELOPE
NOFREQ:,NA
PATFRE:,NA
NUMCUT:,4
PATCUT:,AZ
POLARI:,H/H
NUPOIN:,27
-180.00,-49.00,
-177.00,-49.00,
-171.50,-55.00,
-110.50,-55.00,
-98.00,-42.00,
-73.00,-42.00,
-72.00,-43.00,
-35.00,-43.00,
-15.00,-33.00,
-1.80,-23.10,
-1.50,-17.00,
-1.00,-7.00,
-0.50,-2.00,
0.00,0.00,
0.50,-2.00,
1.00,-7.00,
1.50,-17.00,
1.80,-23.10,
15.00,-33.00,
35.00,-43.00,
72.00,-43.00,
73.00,-42.00,
98.00,-42.00,
110.50,-55.00,
171.50,-55.00,
177.00,-49.00,
180.00,-49.00,
PATCUT:,AZ
POLARI:,H/V
NUPOIN:,15
-180.00,-55.00,
-110.50,-55.00,
-97.50,-53.00,
-20.00,-53.00,
-15.00,-50.40,
-3.50,-31.00,
-3.50,-30.00,
0.00,-30.00,
3.50,-30.00,
3.50,-31.00,
15.00,-50.40,
20.00,-53.00,
97.50,-53.00,
110.50,-55.00,
180.00,-55.00,
PATCUT:,AZ
POLARI:,V/V
NUPOIN:,27
-180.00,-49.00,
-177.00,-49.00,
-171.50,-55.00,
-110.50,-55.00,
-98.00,-42.00,
-73.00,-42.00,
-72.00,-43.00,
-35.00,-43.00,
-15.00,-33.00,
-1.80,-23.10,
-1.50,-17.00,
-1.00,-7.00,
-0.50,-2.00,
0.00,0.00,
0.50,-2.00,
1.00,-7.00,
1.50,-17.00,
1.80,-23.10,
15.00,-33.00,
35.00,-43.00,
72.00,-43.00,
73.00,-42.00,
98.00,-42.00,
110.50,-55.00,
171.50,-55.00,
177.00,-49.00,
180.00,-49.00,
PATCUT:,AZ
POLARI:,V/H
NUPOIN:,15
-180.00,-55.00,
-110.50,-55.00,
-97.50,-53.00,
-20.00,-53.00,
-15.00,-50.40,
-3.50,-31.00,
-3.50,-30.00,
0.00,-30.00,
3.50,-30.00,
3.50,-31.00,
15.00,-50.40,
20.00,-53.00,
97.50,-53.00,
110.50,-55.00,
180.00,-55.00,
ENDFIL:,EOF
