REVNUM:,NSMA WG16.99.050
REVDAT:,19990520
ANTMAN:,ANDREW CORPORATION
MODNUM:,LBX8-59
PATNUM:,4641
FEDORN:,NA
DESCR1:,
DESCR2:,
DESCR3:,
DESCR4:,
DESCR5:,
DTDATA:,20000726
LOWFRQ:,5925
HGHFRQ:,6425
GUNITS:,DBI/DBR
LWGAIN:,40.9
MDGAIN:,41.3
HGGAIN:,41.6
AZWIDT:,1.40
ELWIDT:,1.40
ATVSWR:,1.06
FRTOBA:,60.0
ELTILT:,0
PATTYP:,ENVELOPE
NOFREQ:,NA
PATFRE:,NA
NUMCUT:,4
PATCUT:,AZ
POLARI:,H/H
NUPOIN:,27
-180.00,-60.00,
-125.00,-60.00,
-107.00,-47.00,
-95.00,-47.00,
-90.00,-49.00,
-50.00,-49.00,
-37.00,-40.00,
-15.00,-35.50,
-6.00,-25.00,
-2.75,-25.00,
-2.00,-15.00,
-1.50,-10.00,
-1.00,-4.00,
0.00,0.00,
1.00,-4.00,
1.50,-10.00,
2.00,-15.00,
2.75,-25.00,
6.00,-25.00,
15.00,-35.50,
37.00,-40.00,
50.00,-49.00,
90.00,-49.00,
95.00,-47.00,
107.00,-47.00,
125.00,-60.00,
180.00,-60.00,
PATCUT:,AZ
POLARI:,H/V
NUPOIN:,19
-180.00,-65.00,
-70.00,-65.00,
-60.00,-62.00,
-22.00,-62.00,
-15.00,-57.00,
-12.00,-46.00,
-6.00,-46.00,
-4.00,-40.00,
-2.50,-33.00,
0.00,-33.00,
2.50,-33.00,
4.00,-40.00,
6.00,-46.00,
12.00,-46.00,
15.00,-57.00,
22.00,-62.00,
60.00,-62.00,
70.00,-65.00,
180.00,-65.00,
PATCUT:,AZ
POLARI:,V/V
NUPOIN:,27
-180.00,-60.00,
-125.00,-60.00,
-107.00,-46.00,
-95.00,-46.00,
-90.00,-47.00,
-42.00,-47.00,
-37.00,-40.00,
-15.00,-35.50,
-6.00,-25.00,
-2.75,-25.00,
-2.00,-15.00,
-1.50,-10.00,
-1.00,-4.00,
0.00,0.00,
1.00,-4.00,
1.50,-10.00,
2.00,-15.00,
2.75,-25.00,
6.00,-25.00,
15.00,-35.50,
37.00,-40.00,
42.00,-47.00,
90.00,-47.00,
95.00,-46.00,
107.00,-46.00,
125.00,-60.00,
180.00,-60.00,
PATCUT:,AZ
POLARI:,V/H
NUPOIN:,21
-180.00,-65.00,
-130.00,-65.00,
-105.00,-58.00,
-55.00,-58.00,
-22.00,-53.00,
-15.00,-47.00,
-14.50,-45.00,
-10.00,-41.00,
-3.00,-41.00,
-2.00,-33.00,
0.00,-33.00,
2.00,-33.00,
3.00,-41.00,
10.00,-41.00,
14.50,-45.00,
15.00,-47.00,
22.00,-53.00,
55.00,-58.00,
105.00,-58.00,
130.00,-65.00,
180.00,-65.00,
ENDFIL:,EOF
