REVNUM:,NSMA WG16.99.050
REVDAT:,19990520
ANTMAN:,ANDREW CORPORATION
MODNUM:,HDX10-59
PATNUM:,1758A
FEDORN:,LEFT 
DESCR1:,
DESCR2:,Dual Beam Antenna, Main; refer to RPE 1759 for Diversity.
DESCR3:,
DESCR4:,
DESCR5:,
DTDATA:,19880826
LOWFRQ:,5925
HGHFRQ:,6425
GUNITS:,DBI/DBR
LWGAIN:,42.9
MDGAIN:,43.2
HGGAIN:,43.4
AZWIDT:,1.10
ELWIDT:,1.10
ATVSWR:,1.06
FRTOBA:,74.0
ELTILT:,0
PATTYP:,ENVELOPE
NOFREQ:,NA
PATFRE:,NA
NUMCUT:,4
PATCUT:,AZ
POLARI:,H/H
NUPOIN:,67
-180.00,-74.00,
-84.00,-74.00,
-80.00,-72.80,
-75.00,-72.80,
-71.00,-65.00,
-63.00,-60.00,
-46.00,-60.00,
-43.00,-58.30,
-36.40,-58.30,
-35.00,-56.20,
-28.60,-56.20,
-25.00,-54.00,
-23.00,-52.50,
-18.00,-52.50,
-15.00,-48.40,
-13.80,-48.40,
-13.00,-45.60,
-11.40,-45.60,
-10.50,-44.00,
-9.70,-44.00,
-8.60,-38.50,
-7.00,-38.50,
-6.00,-34.60,
-4.70,-34.60,
-4.00,-28.00,
-2.70,-28.00,
-2.60,-25.50,
-2.00,-20.00,
-1.50,-16.70,
-1.30,-12.80,
-1.10,-7.90,
-0.90,-5.70,
-0.70,-2.90,
-0.40,-1.30,
-0.20,-0.10,
0.00,0.00,
0.20,-0.10,
0.40,-1.20,
0.70,-2.40,
0.90,-5.80,
1.10,-8.30,
1.30,-14.10,
1.50,-19.70,
1.90,-23.00,
2.50,-23.00,
3.10,-26.90,
3.30,-29.00,
3.60,-31.00,
4.00,-31.00,
4.50,-34.70,
6.00,-34.70,
7.30,-36.70,
8.70,-36.70,
11.50,-45.30,
12.80,-45.30,
13.20,-47.00,
20.00,-47.00,
25.00,-51.70,
28.90,-53.30,
40.00,-53.30,
41.30,-54.50,
67.00,-54.50,
70.00,-58.50,
79.50,-68.00,
83.00,-68.00,
90.00,-74.00,
180.00,-74.00,
PATCUT:,AZ
POLARI:,H/V
NUPOIN:,37
-180.00,-77.00,
-75.00,-77.00,
-70.00,-72.00,
-65.00,-70.60,
-46.50,-70.60,
-45.00,-68.70,
-34.90,-68.70,
-30.00,-64.80,
-24.00,-62.60,
-20.00,-62.60,
-16.00,-60.00,
-15.00,-59.00,
-14.50,-58.00,
-10.00,-57.00,
-8.50,-52.50,
-6.00,-52.50,
-4.20,-41.00,
-3.30,-32.00,
-2.10,-26.00,
0.00,-26.00,
1.50,-26.00,
2.90,-30.00,
5.10,-43.80,
5.50,-49.00,
7.20,-49.00,
10.00,-53.60,
14.00,-53.60,
14.50,-55.60,
20.00,-55.60,
25.00,-59.70,
30.00,-65.00,
35.00,-66.00,
38.00,-68.00,
69.00,-68.00,
75.00,-75.00,
83.00,-77.00,
180.00,-77.00,
PATCUT:,AZ
POLARI:,V/V
NUPOIN:,54
-180.00,-74.00,
-80.00,-74.00,
-75.00,-73.00,
-65.00,-60.70,
-43.40,-60.70,
-38.00,-58.40,
-32.00,-58.40,
-30.00,-56.40,
-25.00,-54.80,
-19.70,-54.80,
-15.00,-48.20,
-13.00,-47.70,
-12.00,-47.00,
-9.00,-43.50,
-8.00,-39.00,
-6.10,-39.00,
-4.40,-31.00,
-3.00,-31.00,
-2.40,-22.40,
-2.00,-22.40,
-1.50,-19.00,
-1.30,-13.20,
-1.10,-7.50,
-0.90,-5.60,
-0.70,-2.60,
-0.40,-1.30,
-0.20,-0.10,
0.00,0.00,
0.20,-0.10,
0.40,-0.90,
0.70,-2.40,
0.90,-5.50,
1.10,-7.60,
1.30,-12.60,
1.50,-17.60,
1.80,-20.20,
2.00,-22.00,
2.20,-23.60,
2.50,-24.50,
3.80,-34.70,
6.00,-34.70,
6.80,-36.00,
8.00,-36.00,
10.00,-40.00,
12.50,-45.80,
18.50,-45.80,
25.50,-52.00,
28.00,-56.20,
32.50,-56.20,
40.00,-58.00,
70.00,-58.00,
80.00,-73.00,
90.00,-74.00,
180.00,-74.00,
PATCUT:,AZ
POLARI:,V/H
NUPOIN:,48
-180.00,-77.00,
-80.00,-77.00,
-73.00,-72.50,
-68.10,-72.50,
-65.00,-69.50,
-46.60,-69.50,
-45.00,-68.50,
-30.80,-68.50,
-30.00,-68.00,
-25.00,-67.50,
-20.00,-62.00,
-17.00,-62.00,
-15.00,-60.00,
-14.50,-58.00,
-13.30,-58.00,
-13.00,-56.00,
-11.50,-54.50,
-9.40,-54.50,
-8.80,-52.80,
-7.10,-52.80,
-6.40,-50.60,
-5.40,-50.60,
-5.00,-49.60,
-4.10,-45.20,
-3.10,-38.00,
-2.30,-30.00,
-2.00,-26.00,
0.00,-26.00,
1.70,-26.00,
2.00,-30.00,
3.20,-41.60,
4.00,-46.30,
5.00,-51.00,
7.20,-51.00,
8.50,-53.50,
10.50,-53.50,
13.50,-58.40,
15.00,-58.40,
20.00,-61.20,
24.60,-65.80,
35.00,-65.80,
40.00,-67.50,
65.00,-67.50,
68.00,-68.50,
73.50,-74.00,
76.00,-74.00,
88.00,-77.00,
180.00,-77.00,
ENDFIL:,EOF
