REVNUM:,NSMA WG16.99.050
REVDAT:,19990520
ANTMAN:,ANDREW CORPORATION
MODNUM:,LBX10-59
PATNUM:,4642
FEDORN:,NA
DESCR1:,
DESCR2:,
DESCR3:,
DESCR4:,
DESCR5:,
DTDATA:,20000726
LOWFRQ:,5925
HGHFRQ:,6425
GUNITS:,DBI/DBR
LWGAIN:,42.6
MDGAIN:,43.0
HGGAIN:,43.3
AZWIDT:,1.10
ELWIDT:,1.10
ATVSWR:,1.06
FRTOBA:,65.0
ELTILT:,0
PATTYP:,ENVELOPE
NOFREQ:,NA
PATFRE:,NA
NUMCUT:,4
PATCUT:,AZ
POLARI:,H/H
NUPOIN:,27
-180.00,-65.00,
-120.00,-65.00,
-100.00,-53.00,
-70.00,-53.00,
-35.00,-45.00,
-15.00,-38.00,
-7.00,-33.00,
-7.00,-31.00,
-3.00,-29.00,
-3.00,-23.00,
-1.50,-23.00,
-1.00,-4.00,
-0.70,-1.00,
0.00,0.00,
0.70,-1.00,
1.00,-4.00,
1.50,-23.00,
3.00,-23.00,
3.00,-29.00,
7.00,-31.00,
7.00,-33.00,
15.00,-38.00,
35.00,-45.00,
70.00,-53.00,
100.00,-53.00,
120.00,-65.00,
180.00,-65.00,
PATCUT:,AZ
POLARI:,H/V
NUPOIN:,15
-180.00,-67.00,
-90.00,-67.00,
-35.00,-65.00,
-15.00,-55.00,
-9.00,-49.00,
-4.00,-48.00,
-1.50,-33.00,
0.00,-33.00,
1.50,-33.00,
4.00,-48.00,
9.00,-49.00,
15.00,-55.00,
35.00,-65.00,
90.00,-67.00,
180.00,-67.00,
PATCUT:,AZ
POLARI:,V/V
NUPOIN:,27
-180.00,-65.00,
-120.00,-65.00,
-100.00,-53.00,
-80.00,-48.00,
-45.00,-48.00,
-15.00,-37.00,
-7.00,-33.00,
-5.00,-29.00,
-4.00,-29.00,
-3.00,-23.00,
-1.50,-23.00,
-1.00,-4.00,
-0.70,-1.00,
0.00,0.00,
0.70,-1.00,
1.00,-4.00,
1.50,-23.00,
3.00,-23.00,
4.00,-29.00,
5.00,-29.00,
7.00,-33.00,
15.00,-37.00,
45.00,-48.00,
80.00,-48.00,
100.00,-53.00,
120.00,-65.00,
180.00,-65.00,
PATCUT:,AZ
POLARI:,V/H
NUPOIN:,13
-180.00,-67.00,
-90.00,-67.00,
-15.00,-58.00,
-9.00,-51.00,
-4.00,-48.00,
-1.50,-33.00,
0.00,-33.00,
1.50,-33.00,
4.00,-48.00,
9.00,-51.00,
15.00,-58.00,
90.00,-67.00,
180.00,-67.00,
ENDFIL:,EOF
