REVNUM:,NSMA WG16.99.050
REVDAT:,19990520
ANTMAN:,ANDREW CORPORATION
MODNUM:,HPX8-59
PATNUM:,2678E
FEDORN:,NA
DESCR1:,
DESCR2:,
DESCR3:,
DESCR4:,
DESCR5:,
DTDATA:,19811214
LOWFRQ:,5925
HGHFRQ:,6425
GUNITS:,DBI/DBR
LWGAIN:,40.9
MDGAIN:,41.3
HGGAIN:,41.6
AZWIDT:,1.40
ELWIDT:,1.40
ATVSWR:,1.06
FRTOBA:,69.0
ELTILT:,0
PATTYP:,ENVELOPE
NOFREQ:,NA
PATFRE:,NA
NUMCUT:,4
PATCUT:,AZ
POLARI:,H/H
NUPOIN:,27
-180.00,-69.00,
-100.00,-69.00,
-65.00,-51.00,
-30.00,-42.00,
-15.00,-33.00,
-13.50,-33.00,
-10.00,-29.00,
-5.00,-27.00,
-3.50,-24.00,
-2.00,-15.00,
-1.50,-9.00,
-1.00,-3.00,
-0.50,-1.00,
0.00,0.00,
0.50,-1.00,
1.00,-3.00,
1.50,-9.00,
2.00,-15.00,
3.50,-24.00,
5.00,-27.00,
10.00,-29.00,
13.50,-33.00,
15.00,-33.00,
30.00,-42.00,
65.00,-51.00,
100.00,-69.00,
180.00,-69.00,
PATCUT:,AZ
POLARI:,H/V
NUPOIN:,19
-180.00,-70.00,
-100.00,-70.00,
-35.00,-51.00,
-15.00,-51.00,
-12.50,-50.00,
-9.00,-42.00,
-5.00,-42.00,
-1.50,-37.00,
-1.50,-30.00,
0.00,-30.00,
1.50,-30.00,
1.50,-37.00,
5.00,-42.00,
9.00,-42.00,
12.50,-50.00,
15.00,-51.00,
35.00,-51.00,
100.00,-70.00,
180.00,-70.00,
PATCUT:,AZ
POLARI:,V/V
NUPOIN:,31
-180.00,-69.00,
-100.00,-69.00,
-65.00,-51.00,
-35.00,-45.00,
-15.00,-36.00,
-11.50,-36.00,
-10.10,-33.00,
-9.00,-33.00,
-7.00,-27.70,
-5.00,-27.00,
-3.50,-24.00,
-2.00,-15.00,
-1.50,-9.00,
-1.00,-3.00,
-0.50,-1.00,
0.00,0.00,
0.50,-1.00,
1.00,-3.00,
1.50,-9.00,
2.00,-15.00,
3.50,-24.00,
5.00,-27.00,
7.00,-27.70,
9.00,-33.00,
10.10,-33.00,
11.50,-36.00,
15.00,-36.00,
35.00,-45.00,
65.00,-51.00,
100.00,-69.00,
180.00,-69.00,
PATCUT:,AZ
POLARI:,V/H
NUPOIN:,17
-180.00,-70.00,
-100.00,-70.00,
-65.00,-55.00,
-14.00,-55.00,
-12.50,-50.00,
-6.00,-50.00,
-2.50,-40.00,
-1.50,-30.00,
0.00,-30.00,
1.50,-30.00,
2.50,-40.00,
6.00,-50.00,
12.50,-50.00,
14.00,-55.00,
65.00,-55.00,
100.00,-70.00,
180.00,-70.00,
ENDFIL:,EOF
