REVNUM:,NSMA WG16.99.050
REVDAT:,19990520
ANTMAN:,ANDREW CORPORATION
MODNUM:,PL10-59
PATNUM:,2608E
FEDORN:,NA
DESCR1:,
DESCR2:,
DESCR3:,
DESCR4:,
DESCR5:,
DTDATA:,20011130
LOWFRQ:, 5925 
HGHFRQ:, 6425 
GUNITS:,DBI/DBR
LWGAIN:,42.9
MDGAIN:,43.3
HGGAIN:,43.6
AZWIDT:,1.1
ELWIDT:,1.1
ATVSWR:,1.06
FRTOBA:,51
ELTILT:,0
PATTYP:,ENVELOPE
NOFREQ:,NA
PATFRE:,NA
NUMCUT:,4
PATCUT:,AZ
POLARI:,H/H
NUPOIN:, 25 
-180.00,-51.00,
-175.01,-51.00,
-175.00,-58.00,
-110.00,-58.00,
-95.00,-45.00,
-25.00,-45.00,
-15.00,-40.00,
-3.00,-25.00,
-1.70,-25.00,
-1.50,-20.00,
-1.00,-6.00,
-0.50,-2.00,
0.00,0.00,
0.50,-2.00,
1.00,-6.00,
1.50,-20.00,
1.70,-25.00,
3.00,-25.00,
15.00,-40.00,
25.00,-45.00,
95.00,-45.00,
110.00,-58.00,
175.00,-58.00,
175.01,-51.00,
180.00,-51.00,
PATCUT:,AZ
POLARI:,H/V
NUPOIN:, 15 
-180.00,-62.00,
-80.00,-62.00,
-15.00,-52.20,
-8.50,-48.30,
-6.00,-37.00,
-3.01,-37.00,
-3.00,-30.00,
0.00,-30.00,
3.00,-30.00,
3.01,-37.00,
6.00,-37.00,
8.50,-48.30,
15.00,-52.20,
80.00,-62.00,
180.00,-62.00,
PATCUT:,AZ
POLARI:,V/V
NUPOIN:, 29 
-180.00,-51.00,
-175.01,-51.00,
-175.00,-58.00,
-110.00,-58.00,
-95.00,-45.00,
-30.00,-45.00,
-25.00,-34.00,
-13.60,-34.00,
-8.10,-27.10,
-3.00,-24.90,
-1.70,-24.90,
-1.50,-20.00,
-1.00,-6.00,
-0.50,-2.00,
0.00,0.00,
0.50,-2.00,
1.00,-6.00,
1.50,-20.00,
1.70,-24.90,
3.00,-24.90,
8.10,-27.10,
13.60,-34.00,
25.00,-34.00,
30.00,-45.00,
95.00,-45.00,
110.00,-58.00,
175.00,-58.00,
175.01,-51.00,
180.00,-51.00,
PATCUT:,AZ
POLARI:,V/H
NUPOIN:, 19 
-180.00,-62.00,
-105.00,-62.00,
-70.00,-55.00,
-32.50,-55.00,
-15.00,-52.20,
-8.50,-48.30,
-6.00,-37.00,
-3.01,-37.00,
-3.00,-30.00,
0.00,-30.00,
3.00,-30.00,
3.01,-37.00,
6.00,-37.00,
8.50,-48.30,
15.00,-52.20,
32.50,-55.00,
70.00,-55.00,
105.00,-62.00,
180.00,-62.00,
ENDFIL:,EOF
