REVNUM:,NSMA WG16.99.050
REVDAT:,19990520
ANTMAN:,ANDREW CORPORATION
MODNUM:,UHP8-59W
PATNUM:,3506
FEDORN:,LEFT 
DESCR1:,
DESCR2:,
DESCR3:,
DESCR4:,
DESCR5:,
DTDATA:,19951106
LOWFRQ:,5925
HGHFRQ:,7125
GUNITS:,DBI/DBR
LWGAIN:,40.9
MDGAIN:,41.9
HGGAIN:,42.2
AZWIDT:,1.50
ELWIDT:,1.50
ATVSWR:,1.06
FRTOBA:,78.0
ELTILT:,0
PATTYP:,ENVELOPE
NOFREQ:,NA
PATFRE:,NA
NUMCUT:,4
PATCUT:,AZ
POLARI:,V/V
NUPOIN:,77
-180.00,-78.00,
-110.00,-78.00,
-100.00,-72.03,
-90.00,-70.63,
-80.00,-69.23,
-75.00,-67.83,
-70.00,-64.81,
-65.00,-61.79,
-60.00,-55.01,
-48.35,-55.01,
-45.00,-54.31,
-40.00,-52.72,
-35.00,-50.12,
-30.00,-47.52,
-25.00,-43.17,
-20.00,-38.66,
-15.00,-38.14,
-14.00,-37.84,
-13.00,-37.31,
-12.00,-36.39,
-11.00,-34.73,
-10.00,-32.68,
-7.53,-32.68,
-7.00,-32.30,
-6.00,-30.33,
-5.00,-28.32,
-2.78,-28.32,
-2.64,-26.69,
-2.38,-25.72,
-2.11,-24.76,
-1.85,-22.91,
-1.58,-14.20,
-1.32,-8.49,
-1.06,-4.87,
-0.79,-2.76,
-0.53,-1.30,
-0.26,-0.01,
0.00,0.00,
0.26,-0.01,
0.53,-1.59,
0.79,-3.17,
1.06,-5.60,
1.32,-9.17,
1.58,-16.23,
1.85,-23.03,
2.11,-24.93,
2.38,-26.40,
2.64,-27.87,
2.82,-29.79,
4.00,-29.79,
5.00,-31.14,
6.00,-32.11,
7.00,-32.84,
8.00,-33.57,
9.00,-35.10,
10.00,-36.64,
11.00,-40.61,
12.00,-42.67,
13.00,-44.73,
14.00,-45.78,
15.00,-45.85,
20.00,-45.85,
25.00,-46.74,
30.00,-48.27,
35.00,-49.80,
40.00,-53.36,
45.00,-55.05,
49.28,-55.34,
60.00,-55.34,
65.00,-61.93,
70.00,-66.24,
75.00,-69.52,
80.00,-70.25,
90.00,-71.71,
100.00,-77.00,
108.00,-78.00,
180.00,-78.00,
PATCUT:,AZ
POLARI:,H/H
NUPOIN:,78
-180.00,-78.00,
-120.00,-78.00,
-104.95,-75.17,
-100.00,-73.70,
-90.00,-70.25,
-80.00,-66.81,
-75.00,-63.52,
-70.00,-59.84,
-65.00,-54.09,
-60.00,-53.99,
-55.00,-53.89,
-50.00,-52.90,
-45.00,-52.26,
-40.00,-51.61,
-35.00,-48.95,
-30.00,-46.70,
-25.00,-44.45,
-20.00,-41.18,
-15.00,-38.92,
-14.00,-37.51,
-13.00,-36.02,
-9.02,-36.02,
-9.00,-36.00,
-8.00,-33.08,
-7.00,-30.62,
-6.00,-28.17,
-5.00,-26.00,
-4.00,-23.12,
-2.95,-23.12,
-2.90,-22.65,
-2.64,-19.03,
-2.38,-17.86,
-2.11,-17.27,
-1.85,-16.67,
-1.58,-15.25,
-1.32,-9.66,
-1.06,-5.46,
-0.79,-3.25,
-0.53,-1.45,
-0.26,-0.01,
0.00,0.00,
0.26,-0.01,
0.53,-1.70,
0.79,-3.40,
1.06,-5.88,
1.32,-10.44,
1.58,-15.52,
1.85,-16.71,
2.11,-17.23,
2.38,-17.75,
2.64,-19.44,
2.89,-22.64,
4.00,-22.64,
5.00,-26.00,
6.00,-27.98,
7.00,-30.82,
8.00,-33.66,
8.83,-36.13,
13.00,-36.13,
14.00,-38.00,
15.00,-39.35,
20.00,-41.73,
25.00,-44.25,
30.00,-46.28,
35.00,-48.30,
40.00,-50.82,
45.00,-52.62,
50.00,-53.26,
55.00,-53.90,
60.00,-54.09,
65.00,-54.28,
70.00,-59.65,
75.00,-62.66,
80.00,-65.61,
90.00,-70.61,
100.00,-74.95,
110.00,-78.00,
180.00,-78.00,
PATCUT:,AZ
POLARI:,V/H
NUPOIN:,40
-180.00,-80.00,
-75.00,-80.00,
-70.00,-77.37,
-65.00,-75.31,
-60.00,-73.67,
-55.00,-72.03,
-50.00,-70.82,
-45.00,-70.29,
-40.00,-69.75,
-35.00,-67.81,
-30.00,-65.78,
-25.00,-63.74,
-20.00,-59.38,
-15.00,-55.07,
-14.00,-54.47,
-13.00,-53.86,
-4.00,-53.86,
-2.00,-35.00,
0.00,-35.00,
2.00,-35.00,
4.00,-52.00,
5.00,-58.14,
6.00,-60.65,
7.00,-62.71,
8.00,-63.34,
9.00,-63.97,
9.72,-64.77,
12.00,-64.77,
12.68,-66.29,
35.00,-66.29,
40.00,-69.22,
45.00,-71.73,
50.00,-73.14,
55.00,-73.56,
60.00,-73.98,
65.00,-74.96,
70.00,-75.94,
75.00,-77.42,
80.00,-80.00,
180.00,-80.00,
PATCUT:,AZ
POLARI:,H/V
NUPOIN:,47
-180.00,-80.00,
-74.13,-80.00,
-70.00,-78.00,
-65.00,-72.64,
-60.00,-70.34,
-55.00,-68.03,
-50.00,-66.10,
-45.00,-64.17,
-40.00,-61.67,
-35.00,-59.16,
-30.00,-55.79,
-25.00,-54.75,
-20.00,-53.70,
-15.00,-52.74,
-14.00,-51.61,
-13.00,-50.52,
-9.19,-50.52,
-9.00,-50.41,
-8.00,-49.85,
-7.00,-48.99,
-6.00,-48.27,
-5.00,-47.55,
-4.00,-46.58,
-2.00,-35.00,
0.00,-35.00,
2.00,-35.00,
4.00,-45.45,
5.00,-46.88,
6.00,-47.68,
7.00,-48.27,
7.61,-48.63,
13.00,-48.63,
14.00,-50.57,
15.00,-51.74,
20.00,-52.72,
25.00,-54.70,
30.00,-57.16,
35.00,-59.62,
40.00,-61.20,
45.00,-62.78,
50.00,-65.85,
55.00,-67.80,
60.00,-69.74,
65.00,-71.77,
70.00,-76.70,
75.00,-80.00,
180.00,-80.00,
ENDFIL:,EOF
