REVNUM:,NSMA WG16.99.050
REVDAT:,19990520
ANTMAN:,ANDREW CORPORATION
MODNUM:,UMX8-4459
PATNUM:,3315
FEDORN:,LEFT 
DESCR1:,Provisional
DESCR2:,
DESCR3:,
DESCR4:,
DESCR5:,
DTDATA:,20000424
LOWFRQ:,5925
HGHFRQ:,6425
GUNITS:,DBI/DBR
LWGAIN:,39.8
MDGAIN:,40.0
HGGAIN:,40.7
AZWIDT:,1.40
ELWIDT:,1.40
ATVSWR:,1.15
FRTOBA:,69.0
ELTILT:,0
PATTYP:,ENVELOPE
NOFREQ:,NA
PATFRE:,NA
NUMCUT:,4
PATCUT:,AZ
POLARI:,H/H
NUPOIN:,33
-180.0,-72.0,
-100.0,-72.0,
-76.0,-56.0,
-40.0,-56.0,
-28.0,-47.0,
-13.5,-44.5,
-11.0,-36.3,
-9.7,-36.3,
-5.0,-27.0,
-4.0,-24.0,
-2.7,-15.5,
-1.6,-15.5,
-1.4,-10.5,
-0.8,-2.5,
-0.4,-0.2,
0.0,0.0,
0.4,-0.2,
0.8,-2.5,
1.4,-10.5,
1.6,-15.5,
2.7,-15.5,
4.0,-24.0,
6.0,-27.0,
7.2,-27.0,
8.0,-30.5,
15.0,-37.0,
26.0,-46.0,
42.0,-49.0,
56.0,-56.0,
68.0,-56.0,
92.0,-69.0,
112.0,-72.0,
180.0,-72.0,
PATCUT:,AZ
POLARI:,H/V
NUPOIN:,16
-180.0,-74.0,
-92.0,-74.0,
-84.0,-70.0,
-28.0,-69.0,
-15.0,-59.0,
-8.0,-55.0,
-4.0,-35.0,
0.0,-35.0,
4.0,-35.0,
8.0,-55.0,
15.0,-58.0,
24.0,-60.0,
36.0,-66.0,
64.0,-66.0,
80.0,-74.0,
180.0,-74.0,
PATCUT:,AZ
POLARI:,V/V
NUPOIN:,27
-180.0,-74.0,
-100.0,-74.0,
-65.0,-57.0,
-36.0,-56.0,
-30.0,-50.0,
-15.0,-45.0,
-12.0,-36.0,
-5.9,-29.0,
-3.7,-24.0,
-2.5,-19.0,
-1.7,-19.0,
-1.4,-10.5,
-0.8,-2.5,
-0.4,-0.2,
0.0,0.0,
0.4,-0.2,
0.8,-2.5,
1.4,-10.5,
1.7,-18.0,
2.6,-18.0,
4.0,-25.0,
12.0,-32.0,
15.0,-40.0,
32.0,-49.0,
55.0,-49.0,
96.0,-74.0,
180.0,-74.0,
PATCUT:,AZ
POLARI:,V/H
NUPOIN:,16
-180.0,-74.0,
-92.0,-74.0,
-88.0,-70.0,
-52.0,-70.0,
-44.0,-67.0,
-24.0,-67.0,
-15.0,-58.0,
-8.0,-53.0,
-4.0,-35.0,
0.0,-35.0,
4.0,-35.0,
8.0,-53.0,
15.0,-58.0,
52.0,-62.0,
88.0,-74.0,
180.0,-74.0,
ENDFIL:,EOF
