REVNUM:,NSMA WG16.99.050
REVDAT:,19990520
ANTMAN:,ANDREW CORPORATION
MODNUM:,PAR8-59
PATNUM:,2517A
FEDORN:,NA
DESCR1:,
DESCR2:,
DESCR3:,
DESCR4:,
DESCR5:,
DTDATA:,19970408
LOWFRQ:,5925
HGHFRQ:,6425
GUNITS:,DBI/DBR
LWGAIN:,40.4
MDGAIN:,40.8
HGGAIN:,41.0
AZWIDT:,1.40
ELWIDT:,1.40
ATVSWR:,1.06
FRTOBA:,58.0
ELTILT:,0
PATTYP:,ENVELOPE
NOFREQ:,NA
PATFRE:,NA
NUMCUT:,4
PATCUT:,AZ
POLARI:,H/H
NUPOIN:,33
-180.00,-58.00,
-104.00,-58.00,
-87.00,-46.00,
-70.00,-45.00,
-23.00,-45.00,
-15.00,-38.00,
-14.50,-36.00,
-8.00,-36.00,
-4.50,-27.00,
-3.00,-27.00,
-1.65,-9.61,
-1.37,-6.29,
-1.10,-3.65,
-0.82,-2.25,
-0.55,-0.95,
-0.27,-0.01,
0.00,0.00,
0.27,-0.01,
0.55,-0.95,
0.82,-2.25,
1.10,-3.65,
1.37,-6.29,
1.65,-9.61,
3.00,-27.00,
4.50,-27.00,
8.00,-36.00,
14.50,-36.00,
15.00,-38.00,
23.00,-45.00,
70.00,-45.00,
87.00,-46.00,
104.00,-58.00,
180.00,-58.00,
PATCUT:,AZ
POLARI:,H/V
NUPOIN:,17
-180.00,-58.00,
-31.00,-58.00,
-29.16,-54.00,
-19.90,-54.00,
-15.00,-51.00,
-8.71,-47.00,
-2.89,-47.00,
-1.50,-30.00,
0.00,-30.00,
1.50,-30.00,
2.89,-47.00,
8.71,-47.00,
15.00,-51.00,
19.90,-54.00,
29.16,-54.00,
31.00,-58.00,
180.00,-58.00,
PATCUT:,AZ
POLARI:,V/V
NUPOIN:,29
-180.00,-58.00,
-93.07,-58.00,
-80.48,-47.47,
-40.91,-47.41,
-15.00,-39.50,
-13.81,-34.70,
-9.89,-34.06,
-5.14,-33.92,
-3.48,-29.35,
-1.37,-6.50,
-1.10,-3.49,
-0.82,-2.34,
-0.55,-0.85,
-0.27,-0.01,
0.00,0.00,
0.27,-0.01,
0.55,-0.85,
0.82,-2.34,
1.10,-3.49,
1.37,-6.50,
3.48,-29.35,
5.14,-33.92,
9.89,-34.06,
13.81,-34.70,
15.00,-39.50,
40.91,-47.41,
80.48,-47.47,
93.07,-58.00,
180.00,-58.00,
PATCUT:,AZ
POLARI:,V/H
NUPOIN:,13
-180.00,-58.00,
-15.00,-58.00,
-10.22,-56.33,
-8.51,-54.30,
-4.23,-54.24,
-1.50,-30.00,
0.00,-30.00,
1.50,-30.00,
4.23,-54.24,
8.51,-54.30,
10.22,-56.33,
15.00,-58.00,
180.00,-58.00,
ENDFIL:,EOF
