REVNUM:,NSMA WG16.99.050
REVDAT:,19990520
ANTMAN:,ANDREW CORPORATION
MODNUM:,FPX12-59
PATNUM:,6115D
FEDORN:,NA
DESCR1:,
DESCR2:,
DESCR3:,
DESCR4:,
DESCR5:,
DTDATA:,19771129
LOWFRQ:,5925
HGHFRQ:,6425
GUNITS:,DBI/DBR
LWGAIN:,44.0
MDGAIN:,44.4
HGGAIN:,44.5
AZWIDT:,0.90
ELWIDT:,0.90
ATVSWR:,1.06
FRTOBA:,68.0
ELTILT:,0
PATTYP:,ENVELOPE
NOFREQ:,NA
PATFRE:,NA
NUMCUT:,4
PATCUT:,AZ
POLARI:,H/H
NUPOIN:,29
-180.00,-68.00,
-123.00,-68.00,
-102.00,-64.00,
-88.00,-49.00,
-55.00,-47.00,
-32.00,-47.00,
-27.00,-40.00,
-15.00,-35.00,
-11.00,-33.00,
-3.00,-21.00,
-1.10,-21.00,
-1.00,-18.00,
-0.50,-3.00,
-0.30,-0.80,
0.00,0.00,
0.30,-0.80,
0.50,-3.00,
1.00,-18.00,
1.10,-21.00,
3.00,-21.00,
11.00,-33.00,
15.00,-35.00,
27.00,-40.00,
32.00,-47.00,
55.00,-47.00,
88.00,-49.00,
102.00,-64.00,
123.00,-68.00,
180.00,-68.00,
PATCUT:,AZ
POLARI:,H/V
NUPOIN:,17
-180.00,-68.00,
-115.00,-68.00,
-55.00,-58.80,
-24.00,-57.00,
-15.00,-48.00,
-10.00,-43.00,
-4.00,-43.00,
-2.50,-28.00,
0.00,-28.00,
2.50,-28.00,
4.00,-43.00,
10.00,-43.00,
15.00,-48.00,
24.00,-57.00,
55.00,-58.80,
115.00,-68.00,
180.00,-68.00,
PATCUT:,AZ
POLARI:,V/V
NUPOIN:,29
-180.00,-68.00,
-123.00,-68.00,
-102.00,-64.00,
-88.00,-49.00,
-55.00,-47.00,
-32.00,-47.00,
-27.00,-40.00,
-15.00,-35.00,
-11.00,-33.00,
-3.00,-21.00,
-1.10,-21.00,
-1.00,-18.00,
-0.50,-3.00,
-0.30,-0.80,
0.00,0.00,
0.30,-0.80,
0.50,-3.00,
1.00,-18.00,
1.10,-21.00,
3.00,-21.00,
11.00,-33.00,
15.00,-35.00,
27.00,-40.00,
32.00,-47.00,
55.00,-47.00,
88.00,-49.00,
102.00,-64.00,
123.00,-68.00,
180.00,-68.00,
PATCUT:,AZ
POLARI:,V/H
NUPOIN:,17
-180.00,-68.00,
-115.00,-68.00,
-55.00,-58.80,
-24.00,-57.00,
-15.00,-48.00,
-10.00,-43.00,
-4.00,-43.00,
-2.50,-28.00,
0.00,-28.00,
2.50,-28.00,
4.00,-43.00,
10.00,-43.00,
15.00,-48.00,
24.00,-57.00,
55.00,-58.80,
115.00,-68.00,
180.00,-68.00,
ENDFIL:,EOF
