REVNUM:,NSMA WG16.99.050
REVDAT:,19990520
ANTMAN:,ANDREW CORPORATION
MODNUM:,HP15-59
PATNUM:,2675D
FEDORN:,NA
DESCR1:,
DESCR2:,
DESCR3:,
DESCR4:,
DESCR5:,
DTDATA:,20011130
LOWFRQ:, 5925 
HGHFRQ:, 6425 
GUNITS:,DBI/DBR
LWGAIN:,46.1
MDGAIN:,46.4
HGGAIN:,46.8
AZWIDT:,0.8
ELWIDT:,0.8
ATVSWR:,1.06
FRTOBA:,71
ELTILT:,0
PATTYP:,ENVELOPE
NOFREQ:,NA
PATFRE:,NA
NUMCUT:,4
PATCUT:,AZ
POLARI:,H/H
NUPOIN:, 19 
-180.00,-71.00,
-100.00,-71.00,
-70.00,-48.00,
-30.00,-48.00,
-15.00,-42.90,
-3.20,-23.00,
-1.50,-23.00,
-1.00,-8.00,
-0.50,-1.80,
0.00,0.00,
0.50,-1.80,
1.00,-8.00,
1.50,-23.00,
3.20,-23.00,
15.00,-42.90,
30.00,-48.00,
70.00,-48.00,
100.00,-71.00,
180.00,-71.00,
PATCUT:,AZ
POLARI:,H/V
NUPOIN:, 15 
-180.00,-71.00,
-100.00,-71.00,
-70.00,-56.00,
-10.50,-56.00,
-7.00,-40.00,
-4.00,-40.00,
-3.00,-30.00,
0.00,-30.00,
3.00,-30.00,
4.00,-40.00,
7.00,-40.00,
10.50,-56.00,
70.00,-56.00,
100.00,-71.00,
180.00,-71.00,
PATCUT:,AZ
POLARI:,V/V
NUPOIN:, 25 
-180.00,-71.00,
-100.00,-71.00,
-68.50,-47.00,
-30.00,-47.00,
-18.00,-39.00,
-15.00,-39.00,
-8.20,-26.20,
-4.30,-25.00,
-3.20,-23.00,
-1.50,-23.00,
-1.00,-8.00,
-0.50,-1.80,
0.00,0.00,
0.50,-1.80,
1.00,-8.00,
1.50,-23.00,
3.20,-23.00,
4.30,-25.00,
8.20,-26.20,
15.00,-39.00,
18.00,-39.00,
30.00,-47.00,
68.50,-47.00,
100.00,-71.00,
180.00,-71.00,
PATCUT:,AZ
POLARI:,V/H
NUPOIN:, 19 
-180.00,-71.00,
-100.00,-71.00,
-70.00,-56.00,
-25.00,-56.00,
-15.00,-54.00,
-10.90,-52.10,
-9.00,-45.00,
-6.30,-45.00,
-3.00,-30.00,
0.00,-30.00,
3.00,-30.00,
6.30,-45.00,
9.00,-45.00,
10.90,-52.10,
15.00,-54.00,
25.00,-56.00,
70.00,-56.00,
100.00,-71.00,
180.00,-71.00,
ENDFIL:,EOF
