REVNUM:,NSMA WG16.99.050
REVDAT:,19990520
ANTMAN:,ANDREW CORPORATION
MODNUM:,HP8-59
PATNUM:,2670E
FEDORN:,NA
DESCR1:,
DESCR2:,
DESCR3:,
DESCR4:,
DESCR5:,
DTDATA:,19750501
LOWFRQ:,5925
HGHFRQ:,6425
GUNITS:,DBI/DBR
LWGAIN:,41.1
MDGAIN:,41.5
HGGAIN:,41.9
AZWIDT:,1.40
ELWIDT:,1.40
ATVSWR:,1.06
FRTOBA:,66.0
ELTILT:,0
PATTYP:,ENVELOPE
NOFREQ:,NA
PATFRE:,NA
NUMCUT:,4
PATCUT:,AZ
POLARI:,H/H
NUPOIN:,31
-180.00,-66.00,
-100.00,-66.00,
-60.00,-44.00,
-45.00,-44.00,
-40.00,-43.00,
-30.00,-43.00,
-30.00,-40.00,
-20.00,-37.00,
-15.00,-37.00,
-11.50,-37.00,
-9.00,-32.00,
-1.50,-23.00,
-1.50,-10.00,
-1.00,-4.30,
-0.50,-1.70,
0.00,0.00,
0.50,-1.70,
1.00,-4.30,
1.50,-10.00,
1.50,-23.00,
9.00,-32.00,
11.50,-37.00,
15.00,-37.00,
20.00,-37.00,
30.00,-40.00,
30.00,-43.00,
40.00,-43.00,
45.00,-44.00,
60.00,-44.00,
100.00,-66.00,
180.00,-66.00,
PATCUT:,AZ
POLARI:,H/V
NUPOIN:,15
-180.00,-66.00,
-89.00,-66.00,
-15.00,-46.00,
-8.00,-46.00,
-6.50,-37.00,
-4.00,-37.00,
-3.00,-30.00,
0.00,-30.00,
3.00,-30.00,
4.00,-37.00,
6.50,-37.00,
8.00,-46.00,
15.00,-46.00,
89.00,-66.00,
180.00,-66.00,
PATCUT:,AZ
POLARI:,V/V
NUPOIN:,29
-180.00,-66.00,
-100.00,-66.00,
-45.00,-44.00,
-40.00,-43.00,
-30.00,-43.00,
-30.00,-40.00,
-20.00,-37.00,
-15.00,-35.00,
-3.00,-24.00,
-3.00,-20.00,
-1.50,-20.00,
-1.50,-10.00,
-1.00,-4.30,
-0.50,-1.70,
0.00,0.00,
0.50,-1.70,
1.00,-4.30,
1.50,-10.00,
1.50,-20.00,
3.00,-20.00,
3.00,-24.00,
15.00,-35.00,
20.00,-37.00,
30.00,-40.00,
30.00,-43.00,
40.00,-43.00,
45.00,-44.00,
100.00,-66.00,
180.00,-66.00,
PATCUT:,AZ
POLARI:,V/H
NUPOIN:,11
-180.00,-66.00,
-89.00,-66.00,
-15.00,-46.00,
-5.00,-41.00,
-3.00,-30.00,
0.00,-30.00,
3.00,-30.00,
5.00,-41.00,
15.00,-46.00,
89.00,-66.00,
180.00,-66.00,
ENDFIL:,EOF
