REVNUM:,NSMA WG16.99.050
REVDAT:,19990520
ANTMAN:,ANDREW CORPORATION
MODNUM:,PXL15-59
PATNUM:,2642E
FEDORN:,NA
DESCR1:,
DESCR2:,
DESCR3:,
DESCR4:,
DESCR5:,
DTDATA:,19740528
LOWFRQ:,5925
HGHFRQ:,6425
GUNITS:,DBI/DBR
LWGAIN:,46.1
MDGAIN:,46.4
HGGAIN:,46.8
AZWIDT:,0.80
ELWIDT:,0.80
ATVSWR:,1.06
FRTOBA:,54.0
ELTILT:,0
PATTYP:,ENVELOPE
NOFREQ:,NA
PATFRE:,NA
NUMCUT:,4
PATCUT:,AZ
POLARI:,H/H
NUPOIN:,27
-180.00,-54.00,
-175.00,-54.00,
-175.00,-58.00,
-120.00,-58.00,
-103.50,-44.00,
-90.00,-44.00,
-85.00,-45.00,
-30.00,-45.00,
-15.00,-35.30,
-3.50,-23.00,
-1.40,-23.00,
-1.00,-12.00,
-0.50,-1.50,
0.00,0.00,
0.50,-1.50,
1.00,-12.00,
1.40,-23.00,
3.50,-23.00,
15.00,-35.30,
30.00,-45.00,
85.00,-45.00,
90.00,-44.00,
103.50,-44.00,
120.00,-58.00,
175.00,-58.00,
175.00,-54.00,
180.00,-54.00,
PATCUT:,AZ
POLARI:,H/V
NUPOIN:,15
-180.00,-54.00,
-175.00,-54.00,
-175.00,-58.00,
-120.00,-58.00,
-104.50,-55.00,
-15.00,-55.00,
-3.00,-30.00,
0.00,-30.00,
3.00,-30.00,
15.00,-55.00,
104.50,-55.00,
120.00,-58.00,
175.00,-58.00,
175.00,-54.00,
180.00,-54.00,
PATCUT:,AZ
POLARI:,V/V
NUPOIN:,27
-180.00,-54.00,
-175.00,-54.00,
-175.00,-58.00,
-120.00,-58.00,
-103.50,-44.00,
-90.00,-44.00,
-85.00,-45.00,
-30.00,-45.00,
-15.00,-35.30,
-3.50,-23.00,
-1.40,-23.00,
-1.00,-12.00,
-0.50,-1.50,
0.00,0.00,
0.50,-1.50,
1.00,-12.00,
1.40,-23.00,
3.50,-23.00,
15.00,-35.30,
30.00,-45.00,
85.00,-45.00,
90.00,-44.00,
103.50,-44.00,
120.00,-58.00,
175.00,-58.00,
175.00,-54.00,
180.00,-54.00,
PATCUT:,AZ
POLARI:,V/H
NUPOIN:,15
-180.00,-54.00,
-175.00,-54.00,
-175.00,-58.00,
-120.00,-58.00,
-104.50,-55.00,
-15.00,-55.00,
-3.00,-30.00,
0.00,-30.00,
3.00,-30.00,
15.00,-55.00,
104.50,-55.00,
120.00,-58.00,
175.00,-58.00,
175.00,-54.00,
180.00,-54.00,
ENDFIL:,EOF
