REVNUM:,NSMA WG16.99.050
REVDAT:,19990520
ANTMAN:,ANDREW CORPORATION
MODNUM:,PL12-59
PATNUM:,2609E
FEDORN:,NA
DESCR1:,
DESCR2:,
DESCR3:,
DESCR4:,
DESCR5:,
DTDATA:,19740528
LOWFRQ:,5925
HGHFRQ:,6425
GUNITS:,DBI/DBR
LWGAIN:,44.7
MDGAIN:,45.0
HGGAIN:,45.2
AZWIDT:,0.90
ELWIDT:,0.90
ATVSWR:,1.06
FRTOBA:,52.0
ELTILT:,0
PATTYP:,ENVELOPE
NOFREQ:,NA
PATFRE:,NA
NUMCUT:,4
PATCUT:,AZ
POLARI:,H/H
NUPOIN:,27
-180.00,-52.00,
-175.00,-52.00,
-175.00,-58.00,
-120.00,-58.00,
-103.50,-45.00,
-90.00,-45.00,
-85.00,-46.00,
-28.00,-46.00,
-15.00,-41.10,
-3.00,-23.00,
-1.50,-23.00,
-1.00,-8.70,
-0.50,-1.70,
0.00,0.00,
0.50,-1.70,
1.00,-8.70,
1.50,-23.00,
3.00,-23.00,
15.00,-41.10,
28.00,-46.00,
85.00,-46.00,
90.00,-45.00,
103.50,-45.00,
120.00,-58.00,
175.00,-58.00,
175.00,-52.00,
180.00,-52.00,
PATCUT:,AZ
POLARI:,H/V
NUPOIN:,19
-180.00,-59.00,
-176.50,-59.00,
-176.50,-63.00,
-115.00,-63.00,
-100.00,-55.00,
-10.00,-55.00,
-6.00,-37.00,
-3.00,-37.00,
-3.00,-30.00,
0.00,-30.00,
3.00,-30.00,
3.00,-37.00,
6.00,-37.00,
10.00,-55.00,
100.00,-55.00,
115.00,-63.00,
176.50,-63.00,
176.50,-59.00,
180.00,-59.00,
PATCUT:,AZ
POLARI:,V/V
NUPOIN:,29
-180.00,-52.00,
-175.00,-52.00,
-175.00,-58.00,
-120.00,-58.00,
-102.50,-44.00,
-89.00,-44.00,
-85.00,-46.00,
-23.00,-46.00,
-18.00,-38.00,
-15.00,-38.00,
-3.60,-22.00,
-1.50,-22.00,
-1.00,-8.70,
-0.50,-1.70,
0.00,0.00,
0.50,-1.70,
1.00,-8.70,
1.50,-22.00,
3.60,-22.00,
15.00,-38.00,
18.00,-38.00,
23.00,-46.00,
85.00,-46.00,
89.00,-44.00,
102.50,-44.00,
120.00,-58.00,
175.00,-58.00,
175.00,-52.00,
180.00,-52.00,
PATCUT:,AZ
POLARI:,V/H
NUPOIN:,23
-180.00,-59.00,
-176.50,-59.00,
-176.50,-63.00,
-115.00,-63.00,
-100.00,-55.00,
-25.00,-55.00,
-15.00,-53.30,
-10.00,-50.00,
-7.80,-43.00,
-5.00,-43.00,
-3.00,-30.00,
0.00,-30.00,
3.00,-30.00,
5.00,-43.00,
7.80,-43.00,
10.00,-50.00,
15.00,-53.30,
25.00,-55.00,
100.00,-55.00,
115.00,-63.00,
176.50,-63.00,
176.50,-59.00,
180.00,-59.00,
ENDFIL:,EOF
