REVNUM:,NSMA WG16.99.050
REVDAT:,19990520
ANTMAN:,ANDREW CORPORATION
MODNUM:,FP8-59
PATNUM:,6103
FEDORN:,NA
DESCR1:,
DESCR2:,
DESCR3:,
DESCR4:,
DESCR5:,
DTDATA:,19771128
LOWFRQ:,5925
HGHFRQ:,6425
GUNITS:,DBI/DBR
LWGAIN:,40.3
MDGAIN:,40.6
HGGAIN:,40.8
AZWIDT:,1.40
ELWIDT:,1.40
ATVSWR:,1.06
FRTOBA:,64.0
ELTILT:,0
PATTYP:,ENVELOPE
NOFREQ:,NA
PATFRE:,NA
NUMCUT:,4
PATCUT:,AZ
POLARI:,H/H
NUPOIN:,30
-180.00,-64.00,
-120.00,-64.00,
-102.50,-61.00,
-90.00,-45.00,
-55.00,-43.00,
-31.50,-43.00,
-27.00,-36.00,
-15.00,-32.50,
-10.00,-30.00,
-4.00,-20.00,
-1.50,-20.00,
-1.50,-11.00,
-1.00,-4.10,
-0.50,-1.40,
0.00,0.00,
0.50,-1.40,
1.00,-4.10,
1.50,-11.00,
1.50,-20.00,
4.00,-20.00,
10.00,-30.00,
15.00,-32.50,
27.00,-36.00,
31.50,-43.00,
55.00,-43.00,
55.00,-43.00,
90.00,-45.00,
102.50,-61.00,
120.00,-64.00,
180.00,-64.00,
PATCUT:,AZ
POLARI:,H/V
NUPOIN:,17
-180.00,-64.00,
-103.50,-64.00,
-57.00,-55.90,
-24.00,-53.00,
-15.00,-45.00,
-10.00,-38.00,
-4.00,-38.00,
-2.50,-28.00,
0.00,-28.00,
2.50,-28.00,
4.00,-38.00,
10.00,-38.00,
15.00,-45.00,
24.00,-53.00,
57.00,-55.90,
103.50,-64.00,
180.00,-64.00,
PATCUT:,AZ
POLARI:,V/V
NUPOIN:,30
-180.00,-64.00,
-120.00,-64.00,
-102.50,-61.00,
-90.00,-45.00,
-55.00,-43.00,
-31.50,-43.00,
-27.00,-36.00,
-15.00,-32.50,
-10.00,-30.00,
-4.00,-20.00,
-1.50,-20.00,
-1.50,-11.00,
-1.00,-4.10,
-0.50,-1.40,
0.00,0.00,
0.50,-1.40,
1.00,-4.10,
1.50,-11.00,
1.50,-20.00,
4.00,-20.00,
10.00,-30.00,
15.00,-32.50,
27.00,-36.00,
31.50,-43.00,
55.00,-43.00,
55.00,-43.00,
90.00,-45.00,
102.50,-61.00,
120.00,-64.00,
180.00,-64.00,
PATCUT:,AZ
POLARI:,V/H
NUPOIN:,17
-180.00,-64.00,
-103.50,-64.00,
-57.00,-55.90,
-24.00,-53.00,
-15.00,-45.00,
-10.00,-38.00,
-4.00,-38.00,
-2.50,-28.00,
0.00,-28.00,
2.50,-28.00,
4.00,-38.00,
10.00,-38.00,
15.00,-45.00,
24.00,-53.00,
57.00,-55.90,
103.50,-64.00,
180.00,-64.00,
ENDFIL:,EOF
