REVNUM:,NSMA WG16.99.050
REVDAT:,19990520
ANTMAN:,ANDREW CORPORATION
MODNUM:,HDX8-59
PATNUM:,1751
FEDORN:,LEFT 
DESCR1:,
DESCR2:,Dual Beam Antenna, Diversity; refer to RPEs 1750 for Main.
DESCR3:,
DESCR4:,
DESCR5:,
DTDATA:,19880720
LOWFRQ:,5925
HGHFRQ:,6425
GUNITS:,DBI/DBR
LWGAIN:,41.2
MDGAIN:,41.5
HGGAIN:,41.8
AZWIDT:,1.40
ELWIDT:,1.40
ATVSWR:,1.06
FRTOBA:,73.0
ELTILT:,0
PATTYP:,ENVELOPE
NOFREQ:,NA
PATFRE:,NA
NUMCUT:,4
PATCUT:,AZ
POLARI:,H/H
NUPOIN:,31
-180.00,-73.00,
-85.00,-73.00,
-80.00,-67.00,
-65.00,-67.00,
-60.00,-61.50,
-40.00,-56.00,
-15.00,-45.80,
-11.00,-40.70,
-10.00,-37.70,
-7.70,-37.70,
-7.00,-33.80,
-5.00,-31.20,
-2.00,-19.90,
-1.50,-13.00,
0.00,-13.00,
1.50,-13.00,
2.00,-20.60,
4.80,-31.70,
7.00,-31.70,
8.00,-33.50,
9.00,-40.50,
11.00,-42.70,
13.60,-46.50,
20.00,-46.50,
35.00,-54.70,
45.00,-54.70,
47.90,-56.60,
63.00,-56.60,
80.00,-69.60,
90.00,-73.00,
180.00,-73.00,
PATCUT:,AZ
POLARI:,H/V
NUPOIN:,26
-180.00,-77.00,
-70.00,-77.00,
-55.00,-67.90,
-36.90,-67.90,
-28.00,-63.00,
-17.00,-46.80,
-15.00,-46.80,
-13.00,-43.00,
-7.30,-43.00,
-6.00,-38.80,
-3.50,-38.80,
-2.00,-22.00,
0.00,-22.00,
2.00,-22.00,
4.00,-39.00,
5.50,-40.00,
8.00,-40.00,
10.00,-42.00,
12.00,-42.00,
13.00,-47.00,
16.00,-47.00,
27.00,-56.00,
35.00,-68.00,
65.00,-68.00,
74.90,-77.00,
180.00,-77.00,
PATCUT:,AZ
POLARI:,V/V
NUPOIN:,28
-180.00,-73.00,
-80.00,-73.00,
-75.00,-70.00,
-63.00,-70.00,
-55.00,-60.50,
-35.00,-53.50,
-30.00,-53.50,
-15.00,-45.90,
-13.00,-42.40,
-11.00,-41.00,
-7.50,-32.00,
-5.00,-32.00,
-4.00,-26.00,
-2.50,-26.00,
-1.50,-13.00,
0.00,-13.00,
1.50,-13.00,
3.00,-24.50,
5.00,-32.20,
9.00,-32.20,
11.40,-44.00,
20.00,-44.00,
26.00,-50.00,
34.00,-56.60,
61.00,-56.60,
70.00,-68.00,
80.00,-73.00,
180.00,-73.00,
PATCUT:,AZ
POLARI:,V/H
NUPOIN:,29
-180.00,-77.00,
-85.00,-77.00,
-80.00,-74.50,
-66.00,-74.50,
-55.00,-68.00,
-37.00,-68.00,
-25.00,-62.30,
-15.00,-53.20,
-14.00,-50.80,
-11.90,-50.80,
-11.00,-48.00,
-6.30,-48.00,
-4.00,-38.30,
-2.60,-30.00,
-2.00,-18.00,
0.00,-18.00,
2.00,-18.00,
4.00,-36.40,
5.80,-46.10,
9.00,-46.10,
11.00,-52.60,
13.00,-55.10,
13.60,-57.00,
20.00,-57.00,
30.50,-64.00,
50.00,-64.00,
70.00,-69.00,
80.00,-77.00,
180.00,-77.00,
ENDFIL:,EOF
