REVNUM:,NSMA WG16.99.050
REVDAT:,19990520
ANTMAN:,ANDREW CORPORATION
MODNUM:,HDX10-59
PATNUM:,1760A
FEDORN:,RIGHT
DESCR1:,
DESCR2:,Dual Beam Antenna, Main; refer to RPE 1761 for Diversity.
DESCR3:,
DESCR4:,
DESCR5:,
DTDATA:,19880826
LOWFRQ:,5925
HGHFRQ:,6425
GUNITS:,DBI/DBR
LWGAIN:,42.9
MDGAIN:,43.2
HGGAIN:,43.4
AZWIDT:,1.10
ELWIDT:,1.10
ATVSWR:,1.06
FRTOBA:,74.0
ELTILT:,0
PATTYP:,ENVELOPE
NOFREQ:,NA
PATFRE:,NA
NUMCUT:,4
PATCUT:,AZ
POLARI:,H/H
NUPOIN:,67
-180.00,-74.00,
-90.00,-74.00,
-83.00,-68.00,
-79.50,-68.00,
-70.00,-58.50,
-67.00,-54.50,
-41.30,-54.50,
-40.00,-53.30,
-28.90,-53.30,
-25.00,-51.70,
-20.00,-47.00,
-13.20,-47.00,
-12.80,-45.30,
-11.50,-45.30,
-8.70,-36.70,
-7.30,-36.70,
-6.00,-34.70,
-4.50,-34.70,
-4.00,-31.00,
-3.60,-31.00,
-3.30,-29.00,
-3.10,-26.90,
-2.50,-23.00,
-1.90,-23.00,
-1.50,-19.70,
-1.30,-14.10,
-1.10,-8.30,
-0.90,-5.80,
-0.70,-2.40,
-0.40,-1.20,
-0.20,-0.10,
0.00,0.00,
0.20,-0.10,
0.40,-1.30,
0.70,-2.90,
0.90,-5.70,
1.10,-7.90,
1.30,-12.80,
1.50,-16.70,
2.00,-20.00,
2.60,-25.50,
2.70,-28.00,
4.00,-28.00,
4.70,-34.60,
6.00,-34.60,
7.00,-38.50,
8.60,-38.50,
9.70,-44.00,
10.50,-44.00,
11.40,-45.60,
13.00,-45.60,
13.80,-48.40,
15.00,-48.40,
18.00,-52.50,
23.00,-52.50,
25.00,-54.00,
28.60,-56.20,
35.00,-56.20,
36.40,-58.30,
43.00,-58.30,
46.00,-60.00,
63.00,-60.00,
71.00,-65.00,
75.00,-72.80,
80.00,-72.80,
84.00,-74.00,
180.00,-74.00,
PATCUT:,AZ
POLARI:,H/V
NUPOIN:,37
-180.00,-77.00,
-83.00,-77.00,
-75.00,-75.00,
-69.00,-68.00,
-38.00,-68.00,
-35.00,-66.00,
-30.00,-65.00,
-25.00,-59.70,
-20.00,-55.60,
-14.50,-55.60,
-14.00,-53.60,
-10.00,-53.60,
-7.20,-49.00,
-5.50,-49.00,
-5.10,-43.80,
-2.90,-30.00,
-1.50,-26.00,
0.00,-26.00,
2.10,-26.00,
3.30,-32.00,
4.20,-41.00,
6.00,-52.50,
8.50,-52.50,
10.00,-57.00,
14.50,-58.00,
15.00,-59.00,
16.00,-60.00,
20.00,-62.60,
24.00,-62.60,
30.00,-64.80,
34.90,-68.70,
45.00,-68.70,
46.50,-70.60,
65.00,-70.60,
70.00,-72.00,
75.00,-77.00,
180.00,-77.00,
PATCUT:,AZ
POLARI:,V/V
NUPOIN:,54
-180.00,-74.00,
-90.00,-74.00,
-80.00,-73.00,
-70.00,-58.00,
-40.00,-58.00,
-32.50,-56.20,
-28.00,-56.20,
-25.50,-52.00,
-18.50,-45.80,
-12.50,-45.80,
-10.00,-40.00,
-8.00,-36.00,
-6.80,-36.00,
-6.00,-34.70,
-3.80,-34.70,
-2.50,-24.50,
-2.20,-23.60,
-2.00,-22.00,
-1.80,-20.20,
-1.50,-17.60,
-1.30,-12.60,
-1.10,-7.60,
-0.90,-5.50,
-0.70,-2.40,
-0.40,-0.90,
-0.20,-0.10,
0.00,0.00,
0.20,-0.10,
0.40,-1.30,
0.70,-2.60,
0.90,-5.60,
1.10,-7.50,
1.30,-13.20,
1.50,-19.00,
2.00,-22.40,
2.40,-22.40,
3.00,-31.00,
4.40,-31.00,
6.10,-39.00,
8.00,-39.00,
9.00,-43.50,
12.00,-47.00,
13.00,-47.70,
15.00,-48.20,
19.70,-54.80,
25.00,-54.80,
30.00,-56.40,
32.00,-58.40,
38.00,-58.40,
43.40,-60.70,
65.00,-60.70,
75.00,-73.00,
80.00,-74.00,
180.00,-74.00,
PATCUT:,AZ
POLARI:,V/H
NUPOIN:,48
-180.00,-77.00,
-88.00,-77.00,
-76.00,-74.00,
-73.50,-74.00,
-68.00,-68.50,
-65.00,-67.50,
-40.00,-67.50,
-35.00,-65.80,
-24.60,-65.80,
-20.00,-61.20,
-15.00,-58.40,
-13.50,-58.40,
-10.50,-53.50,
-8.50,-53.50,
-7.20,-51.00,
-5.00,-51.00,
-4.00,-46.30,
-3.20,-41.60,
-2.00,-30.00,
-1.70,-26.00,
0.00,-26.00,
2.00,-26.00,
2.30,-30.00,
3.10,-38.00,
4.10,-45.20,
5.00,-49.60,
5.40,-50.60,
6.40,-50.60,
7.10,-52.80,
8.80,-52.80,
9.40,-54.50,
11.50,-54.50,
13.00,-56.00,
13.30,-58.00,
14.50,-58.00,
15.00,-60.00,
17.00,-62.00,
20.00,-62.00,
25.00,-67.50,
30.00,-68.00,
30.80,-68.50,
45.00,-68.50,
46.60,-69.50,
65.00,-69.50,
68.10,-72.50,
73.00,-72.50,
80.00,-77.00,
180.00,-77.00,
ENDFIL:,EOF
