REVNUM:,NSMA WG16.99.050
REVDAT:,19990520
ANTMAN:,ANDREW CORPORATION
MODNUM:,HP12-59
PATNUM:,2673F
FEDORN:,NA
DESCR1:,
DESCR2:,
DESCR3:,
DESCR4:,
DESCR5:,
DTDATA:,20011130
LOWFRQ:, 5925 
HGHFRQ:, 6425 
GUNITS:,DBI/DBR
LWGAIN:,44.7
MDGAIN:,45.0
HGGAIN:,45.2
AZWIDT:,0.9
ELWIDT:,0.9
ATVSWR:,1.06
FRTOBA:,71
ELTILT:,0
PATTYP:,ENVELOPE
NOFREQ:,NA
PATFRE:,NA
NUMCUT:,4
PATCUT:,AZ
POLARI:,H/H
NUPOIN:, 21 
-180.00,-71.00,
-100.00,-71.00,
-70.00,-46.00,
-28.50,-46.00,
-15.00,-41.00,
-3.40,-24.00,
-1.70,-24.00,
-1.50,-20.00,
-1.00,-6.00,
-0.50,-1.30,
0.00,0.00,
0.50,-1.30,
1.00,-6.00,
1.50,-20.00,
1.70,-24.00,
3.40,-24.00,
15.00,-41.00,
28.50,-46.00,
70.00,-46.00,
100.00,-71.00,
180.00,-71.00,
PATCUT:,AZ
POLARI:,H/V
NUPOIN:, 15 
-180.00,-71.00,
-100.00,-71.00,
-70.00,-55.00,
-10.00,-55.00,
-6.00,-37.00,
-3.01,-37.00,
-3.00,-30.00,
0.00,-30.00,
3.00,-30.00,
3.01,-37.00,
6.00,-37.00,
10.00,-55.00,
70.00,-55.00,
100.00,-71.00,
180.00,-71.00,
PATCUT:,AZ
POLARI:,V/V
NUPOIN:, 27 
-180.00,-71.00,
-100.00,-71.00,
-70.00,-46.00,
-24.00,-46.00,
-18.00,-38.00,
-15.00,-38.00,
-8.20,-27.10,
-5.00,-25.00,
-3.50,-22.00,
-1.60,-22.00,
-1.50,-20.00,
-1.00,-6.00,
-0.50,-1.30,
0.00,0.00,
0.50,-1.30,
1.00,-6.00,
1.50,-20.00,
1.60,-22.00,
3.50,-22.00,
5.00,-25.00,
8.20,-27.10,
15.00,-38.00,
18.00,-38.00,
24.00,-46.00,
70.00,-46.00,
100.00,-71.00,
180.00,-71.00,
PATCUT:,AZ
POLARI:,V/H
NUPOIN:, 19 
-180.00,-71.00,
-100.00,-71.00,
-70.00,-55.00,
-25.00,-55.00,
-15.00,-53.20,
-10.20,-50.30,
-8.00,-43.00,
-5.20,-43.00,
-3.00,-30.00,
0.00,-30.00,
3.00,-30.00,
5.20,-43.00,
8.00,-43.00,
10.20,-50.30,
15.00,-53.20,
25.00,-55.00,
70.00,-55.00,
100.00,-71.00,
180.00,-71.00,
ENDFIL:,EOF
