REVNUM:,NSMA WG16.99.050
REVDAT:,19990520
ANTMAN:,ANDREW CORPORATION
MODNUM:,LBX6-59
PATNUM:,4640
FEDORN:,NA
DESCR1:,
DESCR2:,
DESCR3:,
DESCR4:,
DESCR5:,
DTDATA:,20000726
LOWFRQ:,5925
HGHFRQ:,6425
GUNITS:,DBI/DBR
LWGAIN:,38.3
MDGAIN:,38.7
HGGAIN:,39.0
AZWIDT:,1.80
ELWIDT:,1.80
ATVSWR:,1.07
FRTOBA:,54.0
ELTILT:,0
PATTYP:,ENVELOPE
NOFREQ:,NA
PATFRE:,NA
NUMCUT:,4
PATCUT:,AZ
POLARI:,H/H
NUPOIN:,31
-180.00,-54.00,
-135.00,-54.00,
-110.00,-39.00,
-80.00,-39.00,
-75.00,-41.00,
-50.00,-41.00,
-15.00,-32.00,
-13.00,-28.00,
-8.00,-28.00,
-4.00,-18.00,
-2.50,-18.00,
-2.00,-10.00,
-1.90,-8.00,
-1.50,-5.00,
-0.90,-2.00,
0.00,0.00,
0.90,-2.00,
1.50,-5.00,
1.90,-8.00,
2.00,-10.00,
2.50,-18.00,
4.00,-18.00,
8.00,-28.00,
13.00,-28.00,
15.00,-32.00,
50.00,-41.00,
75.00,-41.00,
80.00,-39.00,
110.00,-39.00,
135.00,-54.00,
180.00,-54.00,
PATCUT:,AZ
POLARI:,H/V
NUPOIN:,15
-180.00,-57.00,
-80.00,-57.00,
-60.00,-53.00,
-30.00,-53.00,
-15.00,-50.00,
-10.00,-40.00,
-2.00,-33.00,
0.00,-33.00,
2.00,-33.00,
10.00,-40.00,
15.00,-50.00,
30.00,-53.00,
60.00,-53.00,
80.00,-57.00,
180.00,-57.00,
PATCUT:,AZ
POLARI:,V/V
NUPOIN:,31
-180.00,-54.00,
-135.00,-54.00,
-110.00,-38.00,
-80.00,-38.00,
-75.00,-41.00,
-45.00,-41.00,
-15.00,-32.00,
-13.00,-28.00,
-7.00,-28.00,
-4.00,-18.00,
-2.50,-18.00,
-2.00,-10.00,
-1.90,-8.00,
-1.50,-5.00,
-0.90,-2.00,
0.00,0.00,
0.90,-2.00,
1.50,-5.00,
1.90,-8.00,
2.00,-10.00,
2.50,-18.00,
4.00,-18.00,
7.00,-28.00,
13.00,-28.00,
15.00,-32.00,
45.00,-41.00,
75.00,-41.00,
80.00,-38.00,
110.00,-38.00,
135.00,-54.00,
180.00,-54.00,
PATCUT:,AZ
POLARI:,V/H
NUPOIN:,15
-180.00,-57.00,
-140.00,-57.00,
-105.00,-52.00,
-30.00,-52.00,
-15.00,-47.00,
-10.00,-40.00,
-2.00,-33.00,
0.00,-33.00,
2.00,-33.00,
10.00,-40.00,
15.00,-47.00,
30.00,-52.00,
105.00,-52.00,
140.00,-57.00,
180.00,-57.00,
ENDFIL:,EOF
