REVNUM:,NSMA WG16.99.050
REVDAT:,19990520
ANTMAN:,ANDREW CORPORATION
MODNUM:,HDX8-59
PATNUM:,1752
FEDORN:,RIGHT
DESCR1:,
DESCR2:,Dual Beam Antenna, Main; refer to RPE 1753 for Diversity.
DESCR3:,
DESCR4:,
DESCR5:,
DTDATA:,19880720
LOWFRQ:,5925
HGHFRQ:,6425
GUNITS:,DBI/DBR
LWGAIN:,41.2
MDGAIN:,41.5
HGGAIN:,41.8
AZWIDT:,1.40
ELWIDT:,1.40
ATVSWR:,1.06
FRTOBA:,73.0
ELTILT:,0
PATTYP:,ENVELOPE
NOFREQ:,NA
PATFRE:,NA
NUMCUT:,4
PATCUT:,AZ
POLARI:,H/H
NUPOIN:,60
-180.00,-73.00,
-97.00,-73.00,
-80.00,-68.50,
-62.00,-55.60,
-35.00,-55.60,
-20.00,-46.00,
-12.10,-46.00,
-11.00,-41.00,
-8.00,-31.60,
-6.00,-31.60,
-5.00,-30.30,
-3.70,-30.30,
-2.50,-17.50,
-1.70,-17.50,
-1.60,-17.00,
-1.40,-12.30,
-1.30,-10.10,
-1.20,-8.40,
-1.10,-6.90,
-1.00,-5.60,
-0.90,-4.50,
-0.80,-3.50,
-0.60,-1.90,
-0.50,-1.30,
-0.40,-0.80,
-0.30,-0.40,
-0.20,-0.20,
-0.10,-0.10,
0.00,0.00,
0.10,-0.10,
0.20,-0.20,
0.30,-0.40,
0.40,-0.80,
0.50,-1.30,
0.60,-1.90,
0.70,-2.60,
0.80,-3.50,
0.90,-4.50,
1.00,-5.60,
1.10,-6.90,
1.20,-8.40,
1.30,-10.10,
1.40,-12.30,
1.60,-17.00,
1.90,-17.40,
2.80,-17.40,
3.50,-27.10,
5.00,-27.10,
9.50,-38.60,
13.00,-40.30,
14.20,-45.00,
15.00,-45.00,
20.00,-49.10,
42.40,-56.80,
60.00,-56.80,
65.00,-62.80,
68.00,-66.00,
80.00,-66.00,
90.00,-73.00,
180.00,-73.00,
PATCUT:,AZ
POLARI:,H/V
NUPOIN:,28
-180.00,-77.00,
-80.00,-77.00,
-62.00,-73.00,
-60.00,-67.30,
-40.00,-67.30,
-30.00,-64.10,
-21.00,-54.70,
-13.20,-54.70,
-9.00,-50.00,
-8.00,-47.00,
-6.00,-45.70,
-5.00,-42.50,
-3.00,-26.00,
0.00,-26.00,
3.00,-26.00,
4.00,-40.00,
6.00,-51.00,
8.00,-51.00,
9.00,-55.00,
12.00,-55.00,
13.00,-58.00,
15.00,-58.00,
20.00,-58.00,
35.00,-65.60,
48.00,-71.00,
60.00,-71.00,
80.00,-77.00,
180.00,-77.00,
PATCUT:,AZ
POLARI:,V/V
NUPOIN:,58
-180.00,-73.00,
-85.00,-73.00,
-65.00,-62.60,
-60.00,-55.50,
-34.40,-55.50,
-26.00,-49.80,
-20.00,-43.30,
-11.60,-43.30,
-8.00,-33.50,
-5.00,-31.00,
-3.60,-31.00,
-2.80,-19.00,
-2.00,-19.00,
-1.60,-17.00,
-1.40,-12.30,
-1.30,-10.10,
-1.20,-8.40,
-1.10,-6.90,
-1.00,-5.60,
-0.90,-4.50,
-0.80,-3.50,
-0.60,-1.90,
-0.50,-1.30,
-0.40,-0.80,
-0.30,-0.40,
-0.20,-0.20,
-0.10,-0.10,
0.00,0.00,
0.10,-0.10,
0.20,-0.20,
0.30,-0.40,
0.40,-0.80,
0.50,-1.30,
0.60,-1.90,
0.70,-2.60,
0.80,-3.50,
0.90,-4.50,
1.00,-5.60,
1.10,-6.90,
1.20,-8.40,
1.30,-10.10,
1.40,-12.30,
1.60,-17.00,
1.90,-19.50,
2.30,-19.50,
3.20,-29.10,
5.00,-29.10,
10.50,-39.10,
13.00,-39.10,
14.00,-44.00,
15.00,-44.00,
30.00,-53.60,
55.00,-61.00,
60.00,-65.40,
67.00,-71.00,
80.00,-71.00,
85.00,-73.00,
180.00,-73.00,
PATCUT:,AZ
POLARI:,V/H
NUPOIN:,27
-180.00,-77.00,
-85.00,-77.00,
-75.00,-75.00,
-70.00,-69.80,
-60.00,-63.30,
-30.50,-63.30,
-15.00,-53.80,
-14.00,-52.70,
-11.10,-52.70,
-9.00,-46.50,
-7.00,-46.50,
-5.00,-44.50,
-4.00,-39.80,
-2.50,-26.00,
0.00,-26.00,
2.50,-26.00,
4.00,-40.00,
5.00,-40.00,
6.00,-45.40,
8.00,-47.00,
11.00,-51.10,
13.00,-51.10,
15.00,-54.10,
30.00,-64.00,
50.00,-68.00,
73.00,-77.00,
180.00,-77.00,
ENDFIL:,EOF
