REVNUM:,NSMA WG16.99.050
REVDAT:,19990520
ANTMAN:,ANDREW CORPORATION
MODNUM:,HDX12-59
PATNUM:,1769
FEDORN:,RIGHT
DESCR1:,
DESCR2:,Dual Beam Antenna, Diversity; refer to RPE 1768 for Main.
DESCR3:,
DESCR4:,
DESCR5:,
DTDATA:,19880818
LOWFRQ:,5925
HGHFRQ:,6425
GUNITS:,DBI/DBR
LWGAIN:,44.6
MDGAIN:,45.0
HGGAIN:,45.4
AZWIDT:,1.00
ELWIDT:,1.00
ATVSWR:,1.06
FRTOBA:,75.0
ELTILT:,0
PATTYP:,ENVELOPE
NOFREQ:,NA
PATFRE:,NA
NUMCUT:,4
PATCUT:,AZ
POLARI:,H/H
NUPOIN:,29
-180.00,-75.00,
-95.00,-75.00,
-80.00,-66.50,
-70.00,-56.10,
-32.90,-56.10,
-30.00,-53.80,
-19.90,-53.80,
-15.00,-50.10,
-14.00,-47.60,
-10.30,-47.60,
-6.00,-34.40,
-3.90,-34.40,
-2.00,-20.00,
-1.50,-11.00,
0.00,-11.00,
1.50,-11.00,
2.50,-28.00,
3.00,-32.00,
5.00,-33.00,
7.50,-42.80,
10.00,-42.80,
15.00,-51.30,
43.00,-59.00,
55.00,-59.00,
70.00,-62.50,
77.00,-70.00,
85.00,-72.50,
90.00,-75.00,
180.00,-75.00,
PATCUT:,AZ
POLARI:,H/V
NUPOIN:,24
-180.00,-78.00,
-82.00,-78.00,
-70.00,-69.00,
-34.60,-69.00,
-22.00,-56.90,
-11.80,-56.90,
-10.50,-49.60,
-8.00,-45.10,
-4.00,-45.10,
-3.50,-41.70,
-1.50,-23.00,
0.00,-23.00,
1.50,-23.00,
2.50,-38.00,
4.00,-49.00,
5.50,-57.00,
7.50,-57.00,
8.50,-60.00,
15.00,-63.10,
30.00,-67.80,
55.00,-74.60,
70.00,-74.60,
75.00,-78.00,
180.00,-78.00,
PATCUT:,AZ
POLARI:,V/V
NUPOIN:,26
-180.00,-75.00,
-90.00,-75.00,
-80.00,-70.50,
-70.00,-58.90,
-32.40,-58.90,
-15.00,-49.30,
-14.00,-48.00,
-10.60,-48.00,
-7.00,-35.50,
-3.30,-31.00,
-1.50,-11.00,
0.00,-11.00,
1.50,-11.00,
2.00,-22.80,
5.00,-34.70,
7.00,-37.80,
8.00,-41.20,
11.00,-41.20,
14.00,-50.90,
15.00,-50.90,
40.00,-59.60,
45.00,-60.90,
55.00,-60.90,
70.00,-65.60,
80.00,-75.00,
180.00,-75.00,
PATCUT:,AZ
POLARI:,V/H
NUPOIN:,26
-180.00,-78.00,
-83.00,-78.00,
-70.00,-67.60,
-35.70,-67.60,
-20.00,-61.90,
-15.00,-58.90,
-13.00,-55.20,
-10.50,-55.20,
-6.00,-50.10,
-3.50,-38.40,
-2.20,-30.30,
-1.50,-18.00,
0.00,-18.00,
1.50,-18.00,
2.00,-27.40,
4.00,-44.30,
7.00,-54.00,
10.00,-54.00,
11.50,-57.70,
14.00,-57.70,
15.00,-59.40,
28.00,-68.10,
50.00,-68.10,
65.00,-70.00,
78.00,-78.00,
180.00,-78.00,
ENDFIL:,EOF
