REVNUM:,NSMA WG16.99.050
REVDAT:,19990520
ANTMAN:,ANDREW CORPORATION
MODNUM:,HDX12-59
PATNUM:,1766
FEDORN:,LEFT 
DESCR1:,
DESCR2:,Dual Beam Antenna, Main; refer to RPE 1767 for Diversity.
DESCR3:,
DESCR4:,
DESCR5:,
DTDATA:,19880818
LOWFRQ:,5925
HGHFRQ:,6425
GUNITS:,DBI/DBR
LWGAIN:,44.6
MDGAIN:,45.0
HGGAIN:,45.4
AZWIDT:,1.00
ELWIDT:,1.00
ATVSWR:,1.06
FRTOBA:,75.0
ELTILT:,0
PATTYP:,ENVELOPE
NOFREQ:,NA
PATFRE:,NA
NUMCUT:,4
PATCUT:,AZ
POLARI:,H/H
NUPOIN:,53
-180.00,-75.00,
-85.00,-75.00,
-75.00,-69.10,
-70.00,-62.00,
-60.00,-59.20,
-50.00,-59.20,
-25.00,-54.60,
-15.00,-50.00,
-8.00,-40.00,
-6.80,-40.00,
-4.00,-29.60,
-2.50,-29.60,
-2.00,-21.00,
-1.60,-21.00,
-1.50,-20.00,
-1.30,-20.00,
-1.10,-15.20,
-1.00,-12.30,
-0.90,-9.70,
-0.80,-7.50,
-0.70,-5.60,
-0.60,-4.10,
-0.50,-2.80,
-0.40,-1.80,
-0.30,-1.00,
-0.20,-0.40,
-0.10,-0.20,
0.00,0.00,
0.10,-0.20,
0.20,-0.40,
0.30,-1.00,
0.40,-1.80,
0.50,-2.80,
0.60,-4.10,
0.70,-5.60,
0.80,-7.50,
0.90,-9.70,
1.00,-12.30,
1.10,-15.20,
1.30,-20.00,
1.40,-21.40,
1.90,-21.40,
4.20,-32.20,
6.70,-36.50,
9.00,-36.50,
10.20,-47.20,
15.00,-47.20,
20.00,-51.60,
33.20,-57.00,
70.00,-57.00,
80.00,-67.70,
95.00,-75.00,
180.00,-75.00,
PATCUT:,AZ
POLARI:,H/V
NUPOIN:,22
-180.00,-78.00,
-73.00,-78.00,
-55.00,-74.10,
-45.00,-74.10,
-30.00,-67.00,
-15.00,-62.60,
-11.00,-58.00,
-6.50,-55.20,
-4.00,-48.80,
-2.00,-25.00,
0.00,-25.00,
2.00,-25.00,
4.40,-44.80,
8.00,-44.80,
9.50,-50.00,
12.50,-57.00,
15.00,-57.00,
25.00,-64.30,
40.00,-69.20,
70.00,-69.20,
80.00,-78.00,
180.00,-78.00,
PATCUT:,AZ
POLARI:,V/V
NUPOIN:,53
-180.00,-75.00,
-80.00,-75.00,
-75.00,-68.50,
-55.00,-59.80,
-40.00,-57.00,
-35.00,-57.00,
-25.00,-54.50,
-15.00,-48.90,
-14.50,-47.50,
-7.00,-40.70,
-4.00,-32.20,
-2.50,-32.20,
-1.80,-20.00,
-1.30,-20.00,
-1.10,-15.20,
-1.00,-12.30,
-0.90,-9.70,
-0.80,-7.50,
-0.70,-5.60,
-0.60,-4.10,
-0.50,-2.80,
-0.40,-1.80,
-0.30,-1.00,
-0.20,-0.40,
-0.10,-0.20,
0.00,0.00,
0.10,-0.20,
0.20,-0.40,
0.30,-1.00,
0.40,-1.80,
0.50,-2.80,
0.60,-4.10,
0.70,-5.60,
0.80,-7.50,
0.90,-9.70,
1.00,-12.30,
1.10,-15.20,
1.30,-20.00,
2.00,-20.00,
2.60,-26.70,
3.00,-26.70,
4.00,-32.90,
5.00,-35.10,
7.00,-35.10,
10.00,-38.80,
13.70,-47.90,
20.00,-47.90,
25.00,-54.80,
35.00,-57.80,
70.00,-57.80,
80.00,-68.50,
90.00,-75.00,
180.00,-75.00,
PATCUT:,AZ
POLARI:,V/H
NUPOIN:,25
-180.00,-78.00,
-82.00,-78.00,
-75.00,-71.60,
-62.80,-71.60,
-55.00,-69.80,
-35.00,-69.80,
-15.00,-61.50,
-14.00,-61.50,
-11.00,-56.00,
-8.50,-56.00,
-4.00,-45.80,
-3.00,-38.60,
-2.00,-25.00,
0.00,-25.00,
2.00,-25.00,
3.50,-41.00,
4.80,-48.90,
8.00,-48.90,
9.50,-52.00,
15.00,-60.00,
25.00,-66.90,
72.00,-66.90,
80.00,-76.50,
85.00,-78.00,
180.00,-78.00,
ENDFIL:,EOF
