REVNUM:,NSMA WG16.99.050
REVDAT:,19990520
ANTMAN:,ANDREW CORPORATION
MODNUM:,FPX6-64
PATNUM:,6126
FEDORN:,NA
DESCR1:,
DESCR2:,
DESCR3:,
DESCR4:,
DESCR5:,
DTDATA:,19820603
LOWFRQ:,6425
HGHFRQ:,7125
GUNITS:,DBI/DBR
LWGAIN:,38.0
MDGAIN:,38.4
HGGAIN:,38.6
AZWIDT:,1.80
ELWIDT:,1.80
ATVSWR:,1.08
FRTOBA:,57.0
ELTILT:,0
PATTYP:,ENVELOPE
NOFREQ:,NA
PATFRE:,NA
NUMCUT:,4
PATCUT:,AZ
POLARI:,H/H
NUPOIN:,29
-180.00,-58.00,
-110.00,-58.00,
-81.50,-43.00,
-55.00,-43.00,
-17.00,-32.00,
-15.00,-32.00,
-8.00,-29.00,
-5.00,-22.00,
-3.50,-22.00,
-2.50,-13.10,
-2.00,-9.10,
-1.50,-5.30,
-1.00,-2.90,
-0.50,-1.20,
0.00,0.00,
0.50,-1.20,
1.00,-2.90,
1.50,-5.30,
2.00,-9.10,
2.50,-13.10,
3.50,-22.00,
5.00,-22.00,
8.00,-29.00,
15.00,-32.00,
17.00,-32.00,
55.00,-43.00,
81.50,-43.00,
110.00,-58.00,
180.00,-58.00,
PATCUT:,AZ
POLARI:,H/V
NUPOIN:,13
-180.00,-58.00,
-65.00,-58.00,
-60.00,-55.00,
-15.00,-47.00,
-8.00,-45.00,
-3.00,-28.00,
0.00,-28.00,
3.00,-28.00,
8.00,-45.00,
15.00,-47.00,
60.00,-55.00,
65.00,-58.00,
180.00,-58.00,
PATCUT:,AZ
POLARI:,V/V
NUPOIN:,29
-180.00,-58.00,
-110.00,-58.00,
-81.50,-43.00,
-55.00,-43.00,
-17.00,-32.00,
-15.00,-32.00,
-8.00,-29.00,
-5.00,-22.00,
-3.50,-22.00,
-2.50,-13.10,
-2.00,-9.10,
-1.50,-5.30,
-1.00,-2.90,
-0.50,-1.20,
0.00,0.00,
0.50,-1.20,
1.00,-2.90,
1.50,-5.30,
2.00,-9.10,
2.50,-13.10,
3.50,-22.00,
5.00,-22.00,
8.00,-29.00,
15.00,-32.00,
17.00,-32.00,
55.00,-43.00,
81.50,-43.00,
110.00,-58.00,
180.00,-58.00,
PATCUT:,AZ
POLARI:,V/H
NUPOIN:,13
-180.00,-58.00,
-65.00,-58.00,
-60.00,-55.00,
-15.00,-47.00,
-8.00,-45.00,
-3.00,-28.00,
0.00,-28.00,
3.00,-28.00,
8.00,-45.00,
15.00,-47.00,
60.00,-55.00,
65.00,-58.00,
180.00,-58.00,
ENDFIL:,EOF
