REVNUM:,NSMA WG16.99.050
REVDAT:,19990520
ANTMAN:,ANDREW CORPORATION
MODNUM:,PDV8-65
PATNUM:,1783
FEDORN:,NA
DESCR1:,
DESCR2:,Dual Beam Antenna, Diversity; refer to RPE 1782 for Main.
DESCR3:,
DESCR4:,
DESCR5:,
DTDATA:,19891031
LOWFRQ:,6425
HGHFRQ:,7125
GUNITS:,DBI/DBR
LWGAIN:,42.1
MDGAIN:,42.4
HGGAIN:,42.7
AZWIDT:,1.50
ELWIDT:,1.50
ATVSWR:,1.06
FRTOBA:,55.0
ELTILT:,0
PATTYP:,ENVELOPE
NOFREQ:,NA
PATFRE:,NA
NUMCUT:,2
PATCUT:,AZ
POLARI:,V/V
NUPOIN:,33
-180.00,-55.00,
-125.00,-55.00,
-110.00,-42.00,
-45.00,-42.00,
-40.00,-39.00,
-25.00,-37.00,
-20.00,-34.00,
-17.00,-32.00,
-9.40,-32.00,
-9.00,-28.20,
-6.60,-28.20,
-6.00,-27.00,
-5.00,-26.60,
-4.00,-26.10,
-2.00,-20.90,
-1.50,-18.00,
0.00,-18.00,
1.50,-18.00,
2.00,-20.90,
4.00,-26.10,
5.00,-26.60,
6.00,-27.00,
6.60,-28.20,
9.00,-28.20,
9.40,-32.00,
17.00,-32.00,
20.00,-34.00,
25.00,-37.00,
40.00,-39.00,
45.00,-42.00,
110.00,-42.00,
125.00,-55.00,
180.00,-55.00,
PATCUT:,AZ
POLARI:,V/H
NUPOIN:,23
-180.00,-57.00,
-120.00,-57.00,
-110.00,-52.00,
-30.00,-52.00,
-20.00,-44.40,
-13.00,-44.40,
-12.00,-39.00,
-4.20,-39.00,
-3.00,-35.00,
-2.00,-25.80,
-1.50,-20.00,
0.00,-20.00,
1.50,-20.00,
2.00,-25.80,
3.00,-35.00,
4.20,-39.00,
12.00,-39.00,
13.00,-44.40,
20.00,-44.40,
30.00,-52.00,
110.00,-52.00,
120.00,-55.00,
180.00,-55.00,
ENDFIL:,EOF
