REVNUM:,NSMA WG16.99.050
REVDAT:,19990520
ANTMAN:,ANDREW CORPORATION
MODNUM:,HDV12-65
PATNUM:,1904
FEDORN:,NA
DESCR1:,
DESCR2:,Dual Beam Antenna, Main; refer to RPE 1905 for Diversity.
DESCR3:,
DESCR4:,
DESCR5:,
DTDATA:,19891103
LOWFRQ:,6425
HGHFRQ:,7125
GUNITS:,DBI/DBR
LWGAIN:,45.0
MDGAIN:,45.3
HGGAIN:,45.6
AZWIDT:,0.90
ELWIDT:,0.90
ATVSWR:,1.06
FRTOBA:,67.0
ELTILT:,0
PATTYP:,ENVELOPE
NOFREQ:,NA
PATFRE:,NA
NUMCUT:,2
PATCUT:,AZ
POLARI:,V/V
NUPOIN:,78
-180.00,-67.00,
-170.00,-67.00,
-170.00,-70.00,
-100.00,-70.00,
-90.00,-63.70,
-80.00,-58.20,
-75.00,-53.50,
-70.00,-52.80,
-65.00,-52.10,
-60.00,-51.60,
-55.00,-51.20,
-50.00,-49.20,
-45.00,-47.10,
-40.00,-46.80,
-35.00,-46.50,
-30.00,-42.90,
-25.00,-42.10,
-20.00,-41.30,
-15.00,-37.50,
-14.00,-35.10,
-13.00,-31.80,
-10.80,-31.80,
-10.00,-31.40,
-9.00,-30.80,
-8.00,-28.60,
-2.20,-28.60,
-2.00,-25.00,
-1.70,-25.00,
-1.51,-24.53,
-1.31,-21.12,
-1.12,-17.80,
-0.97,-14.25,
-0.82,-10.43,
-0.72,-8.04,
-0.61,-5.96,
-0.47,-3.51,
-0.32,-1.79,
-0.23,-0.99,
-0.12,-0.44,
0.00,0.00,
0.08,-0.07,
0.28,-0.73,
0.37,-1.48,
0.57,-3.87,
0.72,-6.50,
0.82,-8.66,
0.98,-12.35,
1.12,-16.23,
1.27,-19.36,
1.47,-22.42,
1.70,-25.00,
2.00,-25.00,
2.20,-28.60,
8.00,-28.60,
9.00,-30.80,
10.00,-31.40,
10.80,-31.80,
13.00,-31.80,
14.00,-35.10,
15.00,-37.50,
20.00,-41.30,
25.00,-42.10,
30.00,-42.90,
35.00,-46.50,
40.00,-46.80,
45.00,-47.10,
50.00,-49.20,
55.00,-51.20,
60.00,-51.60,
65.00,-52.10,
70.00,-52.80,
75.00,-53.50,
80.00,-58.20,
90.00,-63.70,
100.00,-70.00,
170.00,-70.00,
170.00,-67.00,
180.00,-67.00,
PATCUT:,AZ
POLARI:,V/H
NUPOIN:,47
-180.00,-72.00,
-100.00,-72.00,
-90.00,-66.90,
-80.00,-65.30,
-75.00,-64.40,
-70.00,-62.50,
-65.00,-61.50,
-60.00,-60.50,
-48.60,-60.50,
-45.00,-59.30,
-40.00,-56.30,
-23.60,-56.30,
-20.00,-54.10,
-15.00,-47.80,
-14.00,-45.50,
-13.00,-43.20,
-12.00,-42.50,
-11.00,-41.90,
-10.00,-40.10,
-9.00,-37.90,
-8.00,-36.80,
-2.50,-36.80,
-1.50,-30.00,
0.00,-30.00,
1.50,-30.00,
2.50,-36.80,
8.00,-36.80,
9.00,-37.90,
10.00,-40.10,
11.00,-41.90,
12.00,-42.50,
13.00,-43.20,
14.00,-45.50,
15.00,-47.80,
20.00,-54.10,
23.60,-56.30,
40.00,-56.30,
45.00,-59.30,
48.60,-60.50,
60.00,-60.50,
65.00,-61.50,
70.00,-62.50,
75.00,-64.40,
80.00,-65.30,
90.00,-66.90,
100.00,-72.00,
180.00,-72.00,
ENDFIL:,EOF
