REVNUM:,NSMA WG16.99.050
REVDAT:,19990520
ANTMAN:,ANDREW CORPORATION
MODNUM:,HDV8-65
PATNUM:,1889
FEDORN:,NA
DESCR1:,
DESCR2:,Dual Beam Antenna, Diversity; refer to RPE 1888 for Main.
DESCR3:,
DESCR4:,
DESCR5:,
DTDATA:,19891031
LOWFRQ:,6425
HGHFRQ:,7125
GUNITS:,DBI/DBR
LWGAIN:,42.1
MDGAIN:,42.4
HGGAIN:,42.7
AZWIDT:,1.50
ELWIDT:,1.50
ATVSWR:,1.06
FRTOBA:,62.0
ELTILT:,0
PATTYP:,ENVELOPE
NOFREQ:,NA
PATFRE:,NA
NUMCUT:,2
PATCUT:,AZ
POLARI:,V/V
NUPOIN:,63
-180.00,-62.90,
-170.00,-62.90,
-170.00,-65.10,
-152.20,-65.10,
-150.00,-64.70,
-85.70,-64.70,
-80.00,-59.50,
-75.00,-57.90,
-70.00,-55.10,
-63.30,-55.10,
-60.00,-50.40,
-51.70,-50.40,
-50.00,-49.20,
-45.00,-48.40,
-40.00,-43.40,
-35.00,-41.00,
-30.00,-39.90,
-25.00,-39.90,
-23.00,-34.00,
-20.00,-34.00,
-19.50,-32.00,
-15.00,-32.00,
-14.00,-30.20,
-7.20,-30.20,
-7.00,-29.70,
-6.00,-27.40,
-4.50,-27.40,
-4.00,-26.80,
-2.40,-26.80,
-2.00,-22.80,
-1.50,-19.80,
0.00,-19.80,
1.50,-19.80,
2.00,-22.80,
2.40,-26.80,
4.00,-26.80,
4.50,-27.40,
6.00,-27.40,
7.00,-29.70,
7.20,-30.20,
14.00,-30.20,
15.00,-32.00,
19.50,-32.00,
20.00,-34.00,
23.00,-34.00,
25.00,-39.90,
30.00,-39.90,
35.00,-41.00,
40.00,-43.40,
45.00,-48.40,
50.00,-49.20,
51.70,-50.40,
60.00,-50.40,
63.30,-55.10,
70.00,-55.10,
75.00,-57.90,
80.00,-59.50,
85.70,-64.70,
150.00,-64.70,
152.20,-65.10,
170.00,-65.10,
170.00,-62.90,
180.00,-62.90,
PATCUT:,AZ
POLARI:,V/H
NUPOIN:,41
-180.00,-66.00,
-170.00,-66.00,
-170.00,-66.00,
-83.70,-66.00,
-80.00,-64.40,
-75.00,-62.70,
-70.00,-59.70,
-65.00,-55.60,
-53.10,-55.60,
-50.00,-53.70,
-29.20,-53.70,
-25.00,-44.20,
-17.20,-44.20,
-15.00,-42.00,
-13.40,-42.00,
-13.00,-39.20,
-2.90,-39.20,
-2.00,-29.20,
-1.50,-22.60,
-1.00,-21.00,
0.00,-21.00,
1.00,-21.00,
1.50,-22.60,
2.00,-29.20,
2.90,-39.20,
13.00,-39.20,
13.40,-42.00,
15.00,-42.00,
17.20,-44.20,
25.00,-44.20,
29.20,-53.70,
50.00,-53.70,
53.10,-55.60,
65.00,-55.60,
70.00,-59.70,
75.00,-62.70,
80.00,-64.40,
83.70,-66.00,
170.00,-66.00,
170.00,-66.00,
180.00,-66.00,
ENDFIL:,EOF
