REVNUM:,NSMA WG16.99.050
REVDAT:,19990520
ANTMAN:,ANDREW CORPORATION
MODNUM:,PDV8S-65
PATNUM:,1785
FEDORN:,NA
DESCR1:,
DESCR2:,Dual Beam Antenna, Difference; refer to RPE 1784 for Sum.
DESCR3:,
DESCR4:,
DESCR5:,
DTDATA:,19891031
LOWFRQ:,6425
HGHFRQ:,7125
GUNITS:,DBI/DBR
LWGAIN:,40.0
MDGAIN:,39.8
HGGAIN:,39.8
AZWIDT:,1.30
ELWIDT:,1.30
ATVSWR:,1.08
FRTOBA:,57.0
ELTILT:,0
PATTYP:,ENVELOPE
NOFREQ:,NA
PATFRE:,NA
NUMCUT:,2
PATCUT:,AZ
POLARI:,V/V
NUPOIN:,35
-180.00,-52.00,
-170.00,-52.00,
-170.00,-55.00,
-115.00,-55.00,
-110.00,-51.00,
-77.00,-51.00,
-74.00,-50.00,
-47.00,-50.00,
-42.00,-47.00,
-25.00,-47.00,
-20.00,-41.00,
-12.00,-41.00,
-10.00,-38.00,
-4.60,-38.00,
-4.00,-36.50,
-2.50,-36.50,
-1.00,-14.00,
0.00,-14.00,
1.00,-14.00,
2.50,-36.50,
4.00,-36.50,
4.60,-38.00,
10.00,-38.00,
12.00,-41.00,
20.00,-41.00,
25.00,-47.00,
42.00,-47.00,
47.00,-50.00,
74.00,-50.00,
77.00,-51.00,
110.00,-51.00,
115.00,-55.00,
170.00,-55.00,
170.00,-52.00,
180.00,-52.00,
PATCUT:,AZ
POLARI:,V/H
NUPOIN:,25
-180.00,-55.00,
-170.00,-55.00,
-170.00,-58.00,
-130.00,-58.00,
-110.00,-48.00,
-31.80,-48.00,
-20.00,-39.20,
-13.50,-39.20,
-10.00,-34.10,
-3.90,-34.10,
-1.00,-16.00,
-0.40,-16.00,
0.00,-16.00,
0.40,-16.00,
1.00,-16.00,
3.90,-34.10,
10.00,-34.10,
13.50,-39.20,
20.00,-39.20,
31.80,-48.00,
110.00,-48.00,
130.00,-58.00,
170.00,-58.00,
170.00,-55.00,
180.00,-55.00,
ENDFIL:,EOF
