REVNUM:,NSMA WG16.99.050
REVDAT:,19990520
ANTMAN:,ANDREW CORPORATION
MODNUM:,PDH6-65
PATNUM:,1779
FEDORN:,NA
DESCR1:,
DESCR2:,Dual Beam Antenna, Diversity; refer to RPE 1778 for Main.
DESCR3:,
DESCR4:,
DESCR5:,
DTDATA:,19891104
LOWFRQ:,6425
HGHFRQ:,7125
GUNITS:,DBI/DBR
LWGAIN:,39.4
MDGAIN:,39.7
HGGAIN:,40.0
AZWIDT:,1.90
ELWIDT:,1.90
ATVSWR:,1.08
FRTOBA:,46.0
ELTILT:,0
PATTYP:,ENVELOPE
NOFREQ:,NA
PATFRE:,NA
NUMCUT:,2
PATCUT:,AZ
POLARI:,H/H
NUPOIN:,39
-180.00,-48.00,
-170.00,-48.00,
-170.00,-48.00,
-136.20,-48.00,
-130.00,-45.10,
-119.50,-45.10,
-110.00,-36.50,
-100.00,-34.70,
-32.90,-34.70,
-30.00,-29.80,
-25.00,-27.30,
-11.30,-27.30,
-11.00,-25.00,
-9.10,-25.00,
-9.00,-24.80,
-2.80,-24.80,
-2.00,-17.40,
-1.50,-15.60,
-1.00,-15.20,
0.00,-15.20,
1.00,-15.20,
1.50,-15.60,
2.00,-17.40,
2.80,-24.80,
9.00,-24.80,
9.10,-25.00,
11.00,-25.00,
11.30,-27.30,
25.00,-27.30,
30.00,-29.80,
32.90,-34.70,
100.00,-34.70,
110.00,-36.50,
119.50,-45.10,
130.00,-45.10,
136.20,-48.00,
170.00,-48.00,
170.00,-48.00,
180.00,-48.00,
PATCUT:,AZ
POLARI:,H/V
NUPOIN:,41
-180.00,-57.00,
-170.00,-57.00,
-170.00,-57.00,
-113.60,-57.00,
-110.00,-55.80,
-100.00,-52.00,
-68.50,-52.00,
-65.00,-49.80,
-40.10,-49.80,
-40.00,-49.70,
-35.00,-48.10,
-30.00,-43.40,
-24.60,-43.40,
-20.00,-39.30,
-13.80,-39.30,
-13.00,-33.80,
-12.00,-31.10,
-2.60,-31.10,
-2.00,-26.60,
-1.50,-24.00,
0.00,-24.00,
1.50,-24.00,
2.00,-26.60,
2.60,-31.10,
12.00,-31.10,
13.00,-33.80,
13.80,-39.30,
20.00,-39.30,
24.60,-43.40,
30.00,-43.40,
35.00,-48.10,
40.00,-49.70,
40.10,-49.80,
65.00,-49.80,
68.50,-52.00,
100.00,-52.00,
110.00,-55.80,
113.60,-57.00,
170.00,-57.00,
170.00,-57.00,
180.00,-57.00,
ENDFIL:,EOF
