REVNUM:,NSMA WG16.99.050
REVDAT:,19990520
ANTMAN:,ANDREW CORPORATION
MODNUM:,LBX10-65
PATNUM:,4646
FEDORN:,NA
DESCR1:,
DESCR2:,
DESCR3:,
DESCR4:,
DESCR5:,
DTDATA:,20000726
LOWFRQ:,6425
HGHFRQ:,7125
GUNITS:,DBI/DBR
LWGAIN:,43.1
MDGAIN:,43.6
HGGAIN:,44.0
AZWIDT:,1.00
ELWIDT:,1.00
ATVSWR:,1.06
FRTOBA:,65.0
ELTILT:,0
PATTYP:,ENVELOPE
NOFREQ:,NA
PATFRE:,NA
NUMCUT:,4
PATCUT:,AZ
POLARI:,H/H
NUPOIN:,27
-180.00,-65.00,
-119.00,-65.00,
-100.00,-51.00,
-75.00,-51.00,
-35.00,-45.00,
-20.00,-38.00,
-15.00,-38.00,
-7.00,-33.00,
-3.00,-29.00,
-3.00,-23.00,
-1.50,-23.00,
-1.00,-5.00,
-0.60,-1.00,
0.00,0.00,
0.60,-1.00,
1.00,-5.00,
1.50,-23.00,
3.00,-23.00,
3.00,-29.00,
7.00,-33.00,
15.00,-38.00,
20.00,-38.00,
35.00,-45.00,
75.00,-51.00,
100.00,-51.00,
119.00,-65.00,
180.00,-65.00,
PATCUT:,AZ
POLARI:,H/V
NUPOIN:,19
-180.00,-65.00,
-90.00,-65.00,
-75.00,-60.00,
-50.00,-60.00,
-25.00,-55.00,
-15.00,-55.00,
-9.00,-47.00,
-3.00,-43.00,
-1.50,-33.00,
0.00,-33.00,
1.50,-33.00,
3.00,-43.00,
9.00,-47.00,
15.00,-55.00,
25.00,-55.00,
50.00,-60.00,
75.00,-60.00,
90.00,-65.00,
180.00,-65.00,
PATCUT:,AZ
POLARI:,V/V
NUPOIN:,25
-180.00,-65.00,
-119.00,-65.00,
-100.00,-48.00,
-45.00,-48.00,
-15.00,-37.00,
-7.00,-33.00,
-6.50,-29.00,
-4.00,-27.00,
-3.00,-23.00,
-1.50,-23.00,
-1.00,-5.00,
-0.60,-1.00,
0.00,0.00,
0.60,-1.00,
1.00,-5.00,
1.50,-23.00,
3.00,-23.00,
4.00,-27.00,
6.50,-29.00,
7.00,-33.00,
15.00,-37.00,
45.00,-48.00,
100.00,-48.00,
119.00,-65.00,
180.00,-65.00,
PATCUT:,AZ
POLARI:,V/H
NUPOIN:,15
-180.00,-65.00,
-90.00,-65.00,
-60.00,-57.00,
-15.00,-57.00,
-10.00,-50.00,
-3.00,-45.00,
-2.00,-33.00,
0.00,-33.00,
2.00,-33.00,
3.00,-45.00,
10.00,-50.00,
15.00,-57.00,
60.00,-57.00,
90.00,-65.00,
180.00,-65.00,
ENDFIL:,EOF
