REVNUM:,NSMA WG16.99.050
REVDAT:,19990520
ANTMAN:,ANDREW CORPORATION
MODNUM:,PDH8-65
PATNUM:,1787
FEDORN:,NA
DESCR1:,
DESCR2:,Dual Beam Antenna, Diversity; refer to RPE 1786 for Sum.
DESCR3:,
DESCR4:,
DESCR5:,
DTDATA:,19891101
LOWFRQ:,6425
HGHFRQ:,7125
GUNITS:,DBI/DBR
LWGAIN:,42.1
MDGAIN:,42.4
HGGAIN:,42.7
AZWIDT:,1.50
ELWIDT:,1.50
ATVSWR:,1.06
FRTOBA:,55.0
ELTILT:,0
PATTYP:,ENVELOPE
NOFREQ:,NA
PATFRE:,NA
NUMCUT:,2
PATCUT:,AZ
POLARI:,H/H
NUPOIN:,35
-180.00,-56.00,
-138.00,-56.00,
-135.00,-54.00,
-127.00,-54.00,
-110.00,-41.00,
-52.00,-41.00,
-40.00,-36.00,
-32.00,-36.00,
-28.50,-34.00,
-25.00,-34.00,
-15.00,-28.00,
-11.00,-28.00,
-8.00,-25.00,
-5.00,-25.00,
-4.50,-24.00,
-2.50,-24.00,
-1.30,-16.00,
0.00,-16.00,
1.30,-16.00,
2.50,-24.00,
4.50,-24.00,
5.00,-25.00,
8.00,-25.00,
11.00,-28.00,
15.00,-28.00,
25.00,-34.00,
28.50,-34.00,
32.00,-36.00,
40.00,-36.00,
52.00,-41.00,
110.00,-41.00,
127.00,-54.00,
135.00,-54.00,
138.00,-56.00,
180.00,-56.00,
PATCUT:,AZ
POLARI:,H/V
NUPOIN:,31
-180.00,-59.00,
-170.00,-59.00,
-170.00,-61.00,
-119.00,-61.00,
-105.00,-55.00,
-75.00,-55.00,
-70.00,-53.00,
-45.00,-53.00,
-33.00,-46.00,
-24.00,-46.00,
-20.00,-39.50,
-14.50,-39.50,
-11.50,-31.00,
-2.50,-31.00,
-1.50,-24.00,
0.00,-24.00,
1.50,-24.00,
2.50,-31.00,
11.50,-31.00,
14.50,-39.50,
20.00,-39.50,
24.00,-46.00,
33.00,-46.00,
45.00,-53.00,
70.00,-53.00,
75.00,-55.00,
105.00,-55.00,
119.00,-61.00,
170.00,-61.00,
170.00,-59.00,
180.00,-59.00,
ENDFIL:,EOF
