REVNUM:,NSMA WG16.99.050
REVDAT:,19990520
ANTMAN:,ANDREW CORPORATION
MODNUM:,PAR8-65
PATNUM:,2570B
FEDORN:,RIGHT
DESCR1:,
DESCR2:,
DESCR3:,
DESCR4:,
DESCR5:,
DTDATA:,19971203
LOWFRQ:,6425
HGHFRQ:,7125
GUNITS:,DBI/DBR
LWGAIN:,41.0
MDGAIN:,41.3
HGGAIN:,41.6
AZWIDT:,1.30
ELWIDT:,1.30
ATVSWR:,1.06
FRTOBA:,60.0
ELTILT:,0
PATTYP:,ENVELOPE
NOFREQ:,NA
PATFRE:,NA
NUMCUT:,4
PATCUT:,AZ
POLARI:,H/H
NUPOIN:,35
-180.00,-60.00,
-104.00,-60.00,
-90.00,-47.00,
-60.00,-47.00,
-59.00,-45.00,
-25.00,-45.00,
-15.00,-40.00,
-14.00,-36.00,
-8.50,-36.00,
-5.50,-28.00,
-3.00,-28.00,
-1.50,-8.86,
-1.25,-5.80,
-1.00,-3.26,
-0.75,-1.72,
-0.50,-0.87,
-0.25,-0.01,
0.00,0.00,
0.25,-0.01,
0.50,-0.87,
0.75,-1.72,
1.00,-3.26,
1.25,-5.80,
1.50,-8.86,
3.00,-28.00,
5.50,-28.00,
8.50,-36.00,
14.00,-36.00,
15.00,-40.00,
25.00,-45.00,
59.00,-45.00,
60.00,-47.00,
90.00,-47.00,
104.00,-60.00,
180.00,-60.00,
PATCUT:,AZ
POLARI:,H/V
NUPOIN:,17
-180.00,-60.00,
-41.69,-60.00,
-19.00,-52.30,
-17.13,-51.78,
-15.00,-51.00,
-9.50,-48.00,
-2.50,-48.00,
-1.50,-30.00,
0.00,-30.00,
1.50,-30.00,
2.50,-48.00,
9.50,-48.00,
15.00,-51.00,
17.13,-51.78,
19.00,-52.30,
41.69,-60.00,
180.00,-60.00,
PATCUT:,AZ
POLARI:,V/V
NUPOIN:,31
-180.00,-60.00,
-96.00,-60.00,
-85.00,-51.00,
-40.00,-51.00,
-34.00,-45.00,
-15.00,-40.00,
-14.00,-39.00,
-13.00,-34.00,
-3.75,-34.00,
-1.50,-9.18,
-1.25,-6.14,
-1.00,-3.58,
-0.75,-2.02,
-0.50,-1.01,
-0.25,-0.01,
0.00,0.00,
0.25,-0.01,
0.50,-1.01,
0.75,-2.02,
1.00,-3.58,
1.25,-6.14,
1.50,-9.18,
3.50,-34.00,
10.00,-34.00,
13.75,-37.50,
15.00,-44.50,
20.00,-44.50,
29.00,-51.00,
88.00,-51.00,
96.00,-60.00,
180.00,-60.00,
PATCUT:,AZ
POLARI:,V/H
NUPOIN:,15
-180.00,-60.00,
-40.00,-60.00,
-30.00,-58.00,
-15.00,-58.00,
-13.50,-58.00,
-13.00,-55.00,
-4.00,-55.00,
-3.20,-50.00,
-1.50,-30.00,
1.50,-30.00,
3.50,-51.00,
9.00,-51.00,
10.50,-60.00,
15.00,-60.00,
180.00,-60.00,
ENDFIL:,EOF
