REVNUM:,NSMA WG16.99.050
REVDAT:,19990520
ANTMAN:,ANDREW CORPORATION
MODNUM:,UMX15-6477
PATNUM:,4314
FEDORN:,LEFT 
DESCR1:,
DESCR2:,
DESCR3:,
DESCR4:,
DESCR5:,
DTDATA:,19970429
LOWFRQ:,6425
HGHFRQ:,7125
GUNITS:,DBI/DBR
LWGAIN:,46.5
MDGAIN:,46.8
HGGAIN:,47.0
AZWIDT:,0.70
ELWIDT:,0.70
ATVSWR:,1.15
FRTOBA:,76.0
ELTILT:,0
PATTYP:,ENVELOPE
NOFREQ:,NA
PATFRE:,NA
NUMCUT:,4
PATCUT:,AZ
POLARI:,H/H
NUPOIN:,32
-180.00,-80.00,
-89.00,-80.00,
-70.00,-66.00,
-24.47,-54.00,
-15.00,-54.00,
-8.75,-46.75,
-3.08,-31.00,
-1.78,-31.00,
-1.00,-18.75,
-0.80,-12.00,
-0.60,-6.75,
-0.40,-3.00,
-0.20,-0.75,
0.00,0.00,
0.20,-0.75,
0.40,-3.00,
0.60,-6.75,
0.80,-12.00,
1.00,-18.75,
2.28,-30.95,
3.80,-30.80,
13.73,-48.80,
15.00,-52.00,
24.53,-52.00,
28.21,-55.00,
38.12,-56.80,
42.57,-60.00,
53.19,-60.00,
58.00,-63.00,
72.00,-63.00,
94.00,-80.00,
180.00,-80.00,
PATCUT:,AZ
POLARI:,H/V
NUPOIN:,14
-180.00,-80.00,
-79.00,-80.00,
-53.50,-72.00,
-33.30,-72.00,
-15.00,-70.00,
-10.00,-70.00,
-1.00,-35.00,
0.00,-35.00,
1.00,-35.00,
11.00,-59.00,
15.00,-68.00,
43.00,-68.00,
80.69,-80.00,
180.00,-80.00,
PATCUT:,AZ
POLARI:,V/V
NUPOIN:,34
-180.00,-80.00,
-83.56,-80.00,
-71.72,-67.57,
-63.96,-66.57,
-29.00,-54.00,
-18.00,-54.00,
-15.00,-51.00,
-8.00,-46.00,
-7.50,-41.00,
-2.30,-31.00,
-1.40,-25.00,
-1.00,-18.75,
-0.80,-12.00,
-0.60,-6.75,
-0.40,-3.00,
-0.20,-0.75,
0.00,0.00,
0.20,-0.75,
0.40,-3.00,
0.60,-6.75,
0.80,-12.00,
1.00,-18.75,
1.50,-22.00,
2.30,-31.00,
3.30,-31.00,
5.20,-37.00,
6.50,-37.00,
7.50,-40.00,
10.00,-41.00,
13.00,-43.00,
15.00,-43.00,
19.00,-43.00,
100.00,-80.00,
180.00,-80.00,
PATCUT:,AZ
POLARI:,V/H
NUPOIN:,14
-180.00,-80.00,
-78.04,-79.90,
-35.00,-68.00,
-15.00,-68.00,
-12.00,-68.00,
-1.00,-35.00,
1.00,-35.00,
15.00,-59.30,
20.00,-68.00,
45.00,-68.00,
66.00,-73.00,
80.00,-73.00,
91.90,-79.90,
180.00,-80.00,
ENDFIL:,EOF
