REVNUM:,NSMA WG16.99.050
REVDAT:,19990520
ANTMAN:,ANDREW CORPORATION
MODNUM:,PDH8S-65
PATNUM:,1788
FEDORN:,NA
DESCR1:,
DESCR2:,Dual Beam Antenna, Sum; refer to RPE 1789 for Difference.
DESCR3:,
DESCR4:,
DESCR5:,
DTDATA:,19891101
LOWFRQ:,6425
HGHFRQ:,7125
GUNITS:,DBI/DBR
LWGAIN:,40.0
MDGAIN:,39.8
HGGAIN:,39.8
AZWIDT:,1.30
ELWIDT:,1.30
ATVSWR:,1.08
FRTOBA:,51.0
ELTILT:,0
PATTYP:,ENVELOPE
NOFREQ:,NA
PATFRE:,NA
NUMCUT:,2
PATCUT:,AZ
POLARI:,H/H
NUPOIN:,53
-180.00,-51.00,
-170.00,-51.00,
-170.00,-53.00,
-140.00,-53.00,
-120.00,-44.00,
-110.00,-34.80,
-52.00,-34.80,
-43.00,-31.00,
-34.00,-31.00,
-25.00,-29.00,
-15.00,-22.00,
-11.50,-21.00,
-10.00,-16.90,
-3.10,-16.90,
-2.00,-16.00,
-1.30,-16.00,
-1.10,-12.20,
-1.00,-9.00,
-0.90,-7.80,
-0.80,-6.00,
-0.70,-4.60,
-0.60,-3.40,
-0.50,-2.40,
-0.30,-1.00,
-0.20,-0.40,
-0.10,-0.20,
0.00,0.00,
0.10,-0.20,
0.20,-0.40,
0.30,-1.00,
0.50,-2.40,
0.60,-3.40,
0.70,-4.60,
0.80,-6.00,
0.90,-7.80,
1.00,-9.80,
1.10,-12.20,
1.30,-16.00,
2.00,-16.00,
3.10,-16.90,
10.00,-16.90,
11.50,-21.00,
15.00,-22.00,
25.00,-29.00,
34.00,-31.00,
43.00,-31.00,
52.00,-34.80,
110.00,-34.80,
120.00,-44.00,
140.00,-53.00,
170.00,-53.00,
170.00,-51.00,
180.00,-51.00,
PATCUT:,AZ
POLARI:,H/V
NUPOIN:,29
-180.00,-57.00,
-170.00,-57.00,
-170.00,-61.00,
-117.00,-61.00,
-110.00,-55.80,
-42.90,-55.80,
-38.00,-52.40,
-24.30,-52.40,
-15.00,-46.10,
-10.50,-46.10,
-9.00,-42.00,
-6.00,-40.00,
-2.90,-40.00,
-1.70,-30.00,
0.00,-30.00,
1.70,-30.00,
2.90,-40.00,
6.00,-40.00,
9.00,-42.00,
10.50,-46.10,
15.00,-46.10,
24.30,-52.40,
38.00,-52.40,
42.90,-55.80,
110.00,-55.80,
117.00,-61.00,
170.00,-61.00,
170.00,-57.00,
180.00,-57.00,
ENDFIL:,EOF
