REVNUM:,NSMA WG16.99.050
REVDAT:,19990520
ANTMAN:,ANDREW CORPORATION
MODNUM:,HP10-65
PATNUM:,2690E
FEDORN:,NA
DESCR1:,
DESCR2:,
DESCR3:,
DESCR4:,
DESCR5:,
DTDATA:,19750501
LOWFRQ:,6425
HGHFRQ:,7125
GUNITS:,DBI/DBR
LWGAIN:,43.1
MDGAIN:,43.4
HGGAIN:,43.8
AZWIDT:,1.00
ELWIDT:,1.00
ATVSWR:,1.06
FRTOBA:,70.0
ELTILT:,0
PATTYP:,ENVELOPE
NOFREQ:,NA
PATFRE:,NA
NUMCUT:,4
PATCUT:,AZ
POLARI:,H/H
NUPOIN:,23
-180.00,-70.00,
-95.00,-70.00,
-65.00,-47.00,
-50.00,-46.00,
-35.00,-43.00,
-30.00,-43.00,
-20.00,-38.00,
-11.80,-38.00,
-1.50,-23.00,
-1.00,-5.00,
-0.50,-1.60,
0.00,0.00,
0.50,-1.60,
1.00,-5.00,
1.50,-23.00,
11.80,-38.00,
20.00,-38.00,
30.00,-43.00,
35.00,-43.00,
50.00,-46.00,
65.00,-47.00,
95.00,-70.00,
180.00,-70.00,
PATCUT:,AZ
POLARI:,H/V
NUPOIN:,21
-180.00,-70.00,
-95.00,-70.00,
-85.00,-62.00,
-40.00,-55.00,
-28.00,-55.00,
-15.00,-49.00,
-6.30,-40.00,
-6.00,-38.00,
-3.00,-38.00,
-3.00,-28.00,
0.00,-28.00,
3.00,-28.00,
3.00,-38.00,
6.00,-38.00,
6.30,-40.00,
15.00,-49.00,
28.00,-55.00,
40.00,-55.00,
85.00,-62.00,
95.00,-70.00,
180.00,-70.00,
PATCUT:,AZ
POLARI:,V/V
NUPOIN:,31
-180.00,-70.00,
-95.00,-70.00,
-75.00,-55.00,
-50.00,-46.00,
-35.00,-43.00,
-30.00,-43.00,
-30.00,-38.00,
-20.00,-38.00,
-20.00,-36.00,
-15.00,-36.00,
-3.00,-25.00,
-3.00,-23.00,
-1.50,-23.00,
-1.00,-5.00,
-0.50,-1.60,
0.00,0.00,
0.50,-1.60,
1.00,-5.00,
1.50,-23.00,
3.00,-23.00,
3.00,-25.00,
15.00,-36.00,
20.00,-36.00,
20.00,-38.00,
30.00,-38.00,
30.00,-43.00,
35.00,-43.00,
50.00,-46.00,
75.00,-55.00,
95.00,-70.00,
180.00,-70.00,
PATCUT:,AZ
POLARI:,V/H
NUPOIN:,19
-180.00,-70.00,
-95.00,-70.00,
-85.00,-62.00,
-40.00,-55.00,
-28.00,-55.00,
-15.00,-49.00,
-12.00,-40.00,
-4.50,-40.00,
-2.60,-27.00,
0.00,-27.00,
2.60,-27.00,
4.50,-40.00,
12.00,-40.00,
15.00,-49.00,
28.00,-55.00,
40.00,-55.00,
85.00,-62.00,
95.00,-70.00,
180.00,-70.00,
ENDFIL:,EOF
