REVNUM:,NSMA WG16.99.050
REVDAT:,19990520
ANTMAN:,ANDREW CORPORATION
MODNUM:,PDH10-65
PATNUM:,1794
FEDORN:,NA
DESCR1:,
DESCR2:,Dual Beam Antenna, Main; refer to RPE 1795 for Diversity.
DESCR3:,
DESCR4:,
DESCR5:,
DTDATA:,19891005
LOWFRQ:,6425
HGHFRQ:,7125
GUNITS:,DBI/DBR
LWGAIN:,43.6
MDGAIN:,43.9
HGGAIN:,44.2
AZWIDT:,1.20
ELWIDT:,1.20
ATVSWR:,1.06
FRTOBA:,60.0
ELTILT:,0
PATTYP:,ENVELOPE
NOFREQ:,NA
PATFRE:,NA
NUMCUT:,2
PATCUT:,AZ
POLARI:,H/H
NUPOIN:,65
-180.00,-60.00,
-170.00,-60.00,
-170.00,-64.00,
-128.00,-64.00,
-110.00,-59.00,
-95.00,-42.00,
-50.00,-42.00,
-35.00,-38.00,
-25.00,-38.00,
-23.00,-34.00,
-20.00,-34.00,
-19.00,-32.00,
-15.00,-32.00,
-14.50,-29.00,
-10.00,-29.00,
-7.00,-26.00,
-4.70,-26.00,
-3.00,-24.00,
-1.40,-24.00,
-1.30,-20.00,
-1.20,-17.00,
-1.10,-13.60,
-1.00,-11.00,
-0.90,-8.60,
-0.80,-6.80,
-0.70,-5.20,
-0.60,-3.90,
-0.50,-2.80,
-0.40,-1.80,
-0.30,-1.00,
-0.20,-0.60,
-0.10,-0.20,
0.00,0.00,
0.10,-0.20,
0.20,-0.60,
0.30,-1.00,
0.40,-1.80,
0.50,-2.80,
0.60,-3.90,
0.70,-5.20,
0.80,-6.80,
0.90,-8.60,
1.00,-11.00,
1.10,-13.60,
1.20,-17.00,
1.30,-20.00,
1.40,-24.00,
3.00,-24.00,
4.70,-26.00,
7.00,-26.00,
10.00,-29.00,
14.50,-29.00,
15.00,-32.00,
19.00,-32.00,
20.00,-34.00,
23.00,-34.00,
25.00,-38.00,
35.00,-38.00,
50.00,-42.00,
95.00,-42.00,
110.00,-59.00,
128.00,-64.00,
170.00,-64.00,
170.00,-60.00,
180.00,-60.00,
PATCUT:,AZ
POLARI:,H/V
NUPOIN:,31
-180.00,-59.50,
-170.00,-59.50,
-170.00,-66.00,
-108.00,-66.00,
-95.00,-55.00,
-60.00,-55.00,
-55.00,-53.00,
-40.00,-53.00,
-31.00,-49.50,
-20.00,-48.30,
-15.00,-45.70,
-14.00,-45.00,
-10.50,-31.00,
-2.00,-31.00,
-1.00,-21.00,
0.00,-21.00,
1.00,-21.00,
2.00,-31.00,
10.50,-31.00,
14.00,-45.00,
15.00,-45.70,
20.00,-48.30,
31.00,-49.50,
40.00,-53.00,
55.00,-53.00,
60.00,-53.00,
95.00,-53.00,
108.00,-66.00,
170.00,-66.00,
170.00,-61.50,
180.00,-61.50,
ENDFIL:,EOF
