REVNUM:,NSMA WG16.99.050
REVDAT:,19990520
ANTMAN:,ANDREW CORPORATION
MODNUM:,HDH10-65
PATNUM:,1900
FEDORN:,NA
DESCR1:,
DESCR2:,Dual Beam Antenna, Main; refer to RPE 1901 for Diversity.
DESCR3:,
DESCR4:,
DESCR5:,
DTDATA:,19891102
LOWFRQ:,6425
HGHFRQ:,7125
GUNITS:,DBI/DBR
LWGAIN:,43.6
MDGAIN:,43.9
HGGAIN:,44.2
AZWIDT:,1.20
ELWIDT:,1.20
ATVSWR:,1.06
FRTOBA:,66.0
ELTILT:,0
PATTYP:,ENVELOPE
NOFREQ:,NA
PATFRE:,NA
NUMCUT:,2
PATCUT:,AZ
POLARI:,H/H
NUPOIN:,71
-180.00,-70.00,
-165.00,-70.00,
-160.00,-66.00,
-100.00,-66.00,
-99.00,-64.00,
-90.00,-64.00,
-80.00,-54.70,
-74.00,-54.70,
-70.00,-45.70,
-51.80,-45.70,
-50.00,-43.80,
-44.90,-43.80,
-40.00,-39.90,
-33.30,-39.90,
-30.00,-38.10,
-25.00,-38.10,
-23.00,-34.00,
-20.00,-34.00,
-19.00,-32.00,
-15.00,-32.00,
-14.50,-29.00,
-10.00,-29.00,
-8.50,-27.10,
-4.30,-27.10,
-4.00,-25.10,
-1.80,-25.10,
-1.80,-24.60,
-1.60,-20.40,
-1.40,-16.30,
-1.20,-11.70,
-1.00,-6.80,
-0.80,-5.00,
-0.60,-2.10,
-0.40,-0.80,
-0.20,-0.20,
0.00,0.00,
0.20,-0.20,
0.40,-0.80,
0.60,-2.10,
0.80,-5.00,
1.00,-6.80,
1.20,-11.70,
1.40,-16.30,
1.60,-20.40,
1.80,-24.60,
1.80,-25.10,
4.00,-25.10,
4.30,-27.10,
8.50,-27.10,
10.00,-29.00,
14.50,-29.00,
15.00,-32.00,
19.00,-32.00,
20.00,-34.00,
23.00,-38.10,
25.00,-38.10,
30.00,-38.10,
33.30,-39.90,
40.00,-39.90,
44.90,-43.80,
50.00,-43.80,
51.80,-45.70,
70.00,-45.70,
74.00,-54.70,
80.00,-54.70,
90.00,-64.00,
99.00,-64.00,
100.00,-66.00,
160.00,-66.00,
165.00,-70.00,
180.00,-70.00,
PATCUT:,AZ
POLARI:,H/V
NUPOIN:,45
-180.00,-68.00,
-83.50,-68.00,
-80.00,-64.70,
-74.40,-64.70,
-70.00,-57.60,
-65.00,-55.00,
-47.70,-55.00,
-45.00,-54.20,
-40.00,-52.70,
-34.50,-52.70,
-30.00,-48.50,
-21.10,-48.50,
-20.00,-48.20,
-15.00,-47.80,
-14.00,-47.80,
-13.00,-40.10,
-11.90,-40.10,
-11.00,-32.00,
-10.00,-31.70,
-1.60,-31.70,
-1.50,-31.40,
-1.00,-26.00,
0.00,-26.00,
1.00,-26.00,
1.50,-31.40,
1.60,-31.70,
10.00,-31.70,
11.00,-32.00,
11.90,-40.10,
13.00,-40.10,
14.00,-47.80,
15.00,-47.80,
20.00,-48.20,
21.10,-48.50,
30.00,-48.50,
34.50,-52.70,
40.00,-52.70,
45.00,-54.20,
47.70,-55.00,
65.00,-55.00,
70.00,-57.60,
74.40,-64.70,
80.00,-64.70,
83.50,-68.00,
180.00,-68.00,
ENDFIL:,EOF
