REVNUM:,NSMA WG16.99.050
REVDAT:,19990520
ANTMAN:,ANDREW CORPORATION
MODNUM:,HDV12-65
PATNUM:,1905
FEDORN:,NA
DESCR1:,
DESCR2:,Dual Beam Antenna, Diversity; refer to RPE 1904 for Main.
DESCR3:,
DESCR4:,
DESCR5:,
DTDATA:,19891103
LOWFRQ:,6425
HGHFRQ:,7125
GUNITS:,DBI/DBR
LWGAIN:,45.0
MDGAIN:,45.3
HGGAIN:,45.6
AZWIDT:,0.90
ELWIDT:,0.90
ATVSWR:,1.06
FRTOBA:,67.0
ELTILT:,0
PATTYP:,ENVELOPE
NOFREQ:,NA
PATFRE:,NA
NUMCUT:,2
PATCUT:,AZ
POLARI:,V/V
NUPOIN:,63
-180.00,-66.00,
-170.00,-66.00,
-170.00,-69.50,
-98.80,-69.50,
-90.00,-66.80,
-80.00,-58.90,
-75.00,-53.80,
-70.00,-53.30,
-65.00,-52.90,
-60.00,-52.50,
-55.00,-50.00,
-50.00,-47.50,
-45.00,-47.00,
-40.00,-46.50,
-35.00,-44.70,
-30.00,-44.30,
-25.00,-44.00,
-20.00,-41.80,
-15.00,-36.20,
-14.00,-34.40,
-13.00,-32.60,
-9.50,-32.60,
-9.00,-32.60,
-8.00,-32.50,
-7.00,-31.10,
-6.00,-29.60,
-3.50,-29.60,
-3.00,-28.80,
-2.00,-27.00,
-1.50,-25.50,
-1.00,-18.00,
0.00,-18.00,
1.00,-18.00,
1.50,-25.50,
2.00,-27.00,
3.00,-28.80,
3.50,-29.60,
6.00,-29.60,
7.00,-31.10,
8.00,-32.50,
9.00,-32.60,
9.50,-32.60,
13.00,-32.60,
14.00,-34.40,
15.00,-36.20,
20.00,-41.80,
25.00,-44.00,
30.00,-44.30,
35.00,-44.70,
40.00,-46.50,
45.00,-47.00,
50.00,-47.50,
55.00,-50.00,
60.00,-52.50,
65.00,-52.90,
70.00,-53.30,
75.00,-53.80,
80.00,-58.90,
90.00,-66.80,
98.80,-69.50,
170.00,-69.50,
170.00,-66.00,
180.00,-66.00,
PATCUT:,AZ
POLARI:,V/H
NUPOIN:,65
-180.00,-69.80,
-170.00,-69.80,
-170.00,-71.10,
-160.00,-71.10,
-150.00,-71.10,
-140.00,-70.40,
-92.20,-70.40,
-90.00,-69.80,
-80.00,-64.10,
-75.00,-63.70,
-70.00,-63.20,
-65.00,-61.70,
-60.00,-60.30,
-55.00,-60.10,
-50.00,-60.00,
-45.00,-57.50,
-33.60,-57.50,
-30.00,-57.20,
-25.00,-55.30,
-20.00,-53.50,
-15.00,-48.50,
-14.00,-47.30,
-13.00,-45.80,
-12.00,-45.40,
-11.00,-44.90,
-10.00,-43.80,
-9.00,-42.30,
-8.00,-37.60,
-2.70,-37.60,
-2.00,-34.20,
-1.50,-28.70,
-1.00,-20.00,
0.00,-20.00,
1.00,-20.00,
1.50,-28.70,
2.00,-34.20,
2.70,-37.60,
8.00,-37.60,
9.00,-42.30,
10.00,-43.80,
11.00,-44.90,
12.00,-45.40,
13.00,-45.80,
14.00,-47.30,
15.00,-48.50,
20.00,-53.50,
25.00,-55.30,
30.00,-57.20,
33.60,-57.50,
45.00,-57.50,
50.00,-60.00,
55.00,-60.10,
60.00,-60.30,
65.00,-61.70,
70.00,-63.20,
75.00,-63.70,
80.00,-64.10,
90.00,-69.80,
92.20,-70.40,
140.00,-70.40,
150.00,-71.10,
160.00,-71.10,
170.00,-71.10,
170.00,-69.80,
180.00,-69.80,
ENDFIL:,EOF
