REVNUM:,NSMA WG16.99.050
REVDAT:,19990520
ANTMAN:,ANDREW CORPORATION
MODNUM:,PDV10-65
PATNUM:,1791
FEDORN:,NA
DESCR1:,
DESCR2:,Dual Beam Antenna, Diversity; refer to RPE 1790 for Main.
DESCR3:,
DESCR4:,
DESCR5:,
DTDATA:,19891001
LOWFRQ:,6425
HGHFRQ:,7125
GUNITS:,DBI/DBR
LWGAIN:,43.6
MDGAIN:,43.9
HGGAIN:,44.2
AZWIDT:,1.20
ELWIDT:,1.20
ATVSWR:,1.06
FRTOBA:,60.0
ELTILT:,0
PATTYP:,ENVELOPE
NOFREQ:,NA
PATFRE:,NA
NUMCUT:,2
PATCUT:,AZ
POLARI:,V/V
NUPOIN:,35
-180.00,-59.00,
-170.00,-59.00,
-170.00,-63.00,
-115.00,-63.00,
-95.00,-45.80,
-52.10,-45.80,
-40.00,-38.60,
-25.10,-38.60,
-18.00,-32.90,
-10.50,-32.90,
-10.00,-30.20,
-7.00,-30.20,
-5.00,-27.40,
-4.00,-27.40,
-3.00,-24.40,
-2.00,-24.40,
-1.00,-16.00,
0.00,-16.00,
1.00,-16.00,
2.00,-24.40,
3.00,-24.40,
4.00,-27.40,
6.00,-27.40,
7.00,-30.20,
10.00,-30.20,
10.50,-32.90,
18.00,-32.90,
22.10,-38.60,
40.00,-38.60,
52.10,-45.80,
95.00,-45.80,
115.00,-63.00,
170.00,-63.00,
170.00,-59.00,
180.00,-59.00,
PATCUT:,AZ
POLARI:,V/H
NUPOIN:,29
-180.00,-61.80,
-170.00,-61.80,
-170.00,-67.40,
-107.00,-67.40,
-100.00,-56.00,
-42.70,-56.00,
-15.00,-45.20,
-13.00,-45.20,
-12.50,-41.60,
-10.00,-41.60,
-8.00,-38.30,
-3.20,-38.30,
-2.00,-31.20,
-1.00,-20.00,
0.00,-20.00,
1.00,-20.00,
2.00,-31.20,
3.20,-38.30,
8.00,-38.30,
10.00,-41.60,
12.50,-41.60,
13.00,-45.20,
15.00,-45.20,
42.70,-56.00,
100.00,-56.00,
115.00,-67.40,
170.00,-67.40,
170.00,-61.80,
180.00,-61.80,
ENDFIL:,EOF
