REVNUM:,NSMA WG16.99.050
REVDAT:,19990520
ANTMAN:,ANDREW CORPORATION
MODNUM:,PL10-65
PATNUM:,2628E
FEDORN:,NA
DESCR1:,
DESCR2:,
DESCR3:,
DESCR4:,
DESCR5:,
DTDATA:,20011130
LOWFRQ:, 6425 
HGHFRQ:, 7125 
GUNITS:,DBI/DBR
LWGAIN:,43.6
MDGAIN:,43.9
HGGAIN:,44.3
AZWIDT:,1.0
ELWIDT:,1.0
ATVSWR:,1.06
FRTOBA:,52
ELTILT:,0
PATTYP:,ENVELOPE
NOFREQ:,NA
PATFRE:,NA
NUMCUT:,4
PATCUT:,AZ
POLARI:,H/H
NUPOIN:, 29 
-180.00,-52.00,
-175.01,-52.00,
-175.00,-60.00,
-105.50,-60.00,
-95.00,-49.00,
-30.00,-46.00,
-25.00,-46.00,
-20.00,-42.00,
-15.00,-42.00,
-3.50,-25.00,
-1.50,-25.00,
-1.20,-10.00,
-1.00,-6.00,
-0.50,-1.90,
0.00,0.00,
0.50,-1.90,
1.00,-6.00,
1.20,-10.00,
1.50,-25.00,
3.50,-25.00,
15.00,-42.00,
20.00,-42.00,
25.00,-46.00,
30.00,-46.00,
95.00,-49.00,
105.50,-60.00,
175.00,-60.00,
175.01,-52.00,
180.00,-52.00,
PATCUT:,AZ
POLARI:,H/V
NUPOIN:, 19 
-180.00,-59.00,
-176.01,-59.00,
-176.00,-63.00,
-110.00,-63.00,
-15.00,-54.10,
-9.00,-50.00,
-6.00,-38.00,
-3.50,-38.00,
-3.00,-30.00,
0.00,-30.00,
3.00,-30.00,
3.50,-38.00,
6.00,-38.00,
9.00,-50.00,
15.00,-54.10,
110.00,-63.00,
176.00,-63.00,
176.01,-59.00,
180.00,-59.00,
PATCUT:,AZ
POLARI:,V/V
NUPOIN:, 27 
-180.00,-52.00,
-175.01,-52.00,
-175.00,-60.00,
-105.50,-60.00,
-95.50,-50.00,
-45.00,-50.00,
-24.00,-36.00,
-15.00,-36.00,
-3.50,-25.00,
-1.50,-25.00,
-1.20,-10.00,
-1.00,-6.00,
-0.50,-1.90,
0.00,0.00,
0.50,-1.90,
1.00,-6.00,
1.20,-10.00,
1.50,-25.00,
3.50,-25.00,
15.00,-36.00,
24.00,-36.00,
45.00,-50.00,
95.50,-50.00,
105.50,-60.00,
175.00,-60.00,
175.01,-52.00,
180.00,-52.00,
PATCUT:,AZ
POLARI:,V/H
NUPOIN:, 21 
-180.00,-59.00,
-176.01,-59.00,
-176.00,-63.00,
-100.00,-63.00,
-55.00,-55.00,
-31.50,-55.00,
-15.00,-52.50,
-7.00,-43.00,
-5.00,-43.00,
-3.00,-30.00,
0.00,-30.00,
3.00,-30.00,
5.00,-43.00,
7.00,-43.00,
15.00,-52.50,
31.50,-55.00,
55.00,-55.00,
100.00,-63.00,
176.00,-63.00,
176.01,-59.00,
180.00,-59.00,
ENDFIL:,EOF
