REVNUM:,NSMA WG16.99.050
REVDAT:,19990520
ANTMAN:,ANDREW CORPORATION
MODNUM:,HDV8-65
PATNUM:,1888
FEDORN:,NA
DESCR1:,
DESCR2:,Dual Beam Antenna, Main; refer to RPE 1889 for Diversity.
DESCR3:,
DESCR4:,
DESCR5:,
DTDATA:,19891031
LOWFRQ:,6425
HGHFRQ:,7125
GUNITS:,DBI/DBR
LWGAIN:,42.1
MDGAIN:,42.4
HGGAIN:,42.7
AZWIDT:,1.50
ELWIDT:,1.50
ATVSWR:,1.06
FRTOBA:,62.0
ELTILT:,0
PATTYP:,ENVELOPE
NOFREQ:,NA
PATFRE:,NA
NUMCUT:,2
PATCUT:,AZ
POLARI:,V/V
NUPOIN:,81
-180.00,-62.00,
-170.00,-62.00,
-170.00,-65.20,
-160.00,-65.20,
-91.20,-65.20,
-90.00,-64.60,
-78.80,-64.60,
-75.00,-57.10,
-70.00,-57.10,
-65.00,-49.40,
-53.80,-49.40,
-50.00,-46.30,
-44.50,-46.30,
-40.00,-44.10,
-35.00,-42.30,
-30.00,-41.30,
-25.00,-41.30,
-23.00,-34.00,
-20.00,-34.00,
-19.50,-32.00,
-15.00,-32.00,
-14.00,-30.30,
-7.20,-30.30,
-7.00,-28.60,
-6.00,-28.00,
-5.00,-26.90,
-4.00,-26.60,
-2.50,-26.60,
-2.50,-26.00,
-1.67,-26.00,
-1.57,-20.28,
-1.46,-16.55,
-1.31,-12.38,
-1.17,-9.23,
-1.02,-6.65,
-0.82,-4.00,
-0.56,-1.76,
-0.47,-1.11,
-0.37,-0.60,
-0.17,-0.04,
0.00,0.00,
0.17,-0.04,
0.37,-0.60,
0.47,-1.11,
0.56,-1.76,
0.82,-4.00,
1.02,-6.65,
1.17,-9.23,
1.31,-12.38,
1.46,-16.55,
1.57,-20.28,
1.67,-26.00,
2.50,-26.00,
2.50,-26.60,
4.00,-26.60,
5.00,-26.90,
6.00,-28.00,
7.00,-28.60,
7.20,-30.30,
14.50,-30.30,
15.00,-32.00,
19.50,-32.00,
20.00,-34.00,
23.00,-34.00,
25.00,-41.30,
30.00,-41.30,
35.00,-42.30,
40.00,-44.10,
44.50,-46.30,
50.00,-46.30,
53.80,-49.40,
65.00,-49.40,
70.00,-57.10,
75.00,-57.10,
78.80,-64.60,
90.00,-64.60,
91.20,-65.20,
160.00,-65.20,
170.00,-65.20,
170.00,-62.00,
180.00,-62.00,
PATCUT:,AZ
POLARI:,V/H
NUPOIN:,55
-180.00,-64.00,
-170.00,-64.00,
-170.00,-66.80,
-160.00,-66.80,
-145.60,-66.80,
-140.00,-65.20,
-120.90,-65.20,
-120.00,-65.00,
-85.90,-65.00,
-80.00,-59.60,
-75.00,-57.60,
-69.10,-57.60,
-65.00,-53.20,
-46.00,-53.20,
-45.00,-52.60,
-40.00,-51.70,
-31.00,-51.70,
-30.00,-51.40,
-25.00,-50.20,
-20.00,-41.50,
-14.80,-41.50,
-14.00,-38.00,
-12.70,-38.00,
-12.00,-35.00,
-1.40,-35.00,
-1.00,-30.00,
-0.50,-30.00,
0.00,-30.00,
0.50,-30.00,
1.00,-30.00,
1.40,-35.00,
12.00,-35.00,
12.70,-38.00,
14.00,-38.00,
14.80,-41.50,
20.00,-41.50,
25.00,-50.20,
30.00,-51.40,
31.00,-51.70,
40.00,-51.70,
45.00,-52.60,
46.00,-53.20,
65.00,-53.20,
69.10,-57.60,
75.00,-57.60,
80.00,-59.60,
85.90,-65.00,
120.00,-65.00,
120.90,-65.20,
140.00,-65.20,
145.60,-66.80,
160.00,-66.80,
170.00,-66.80,
170.00,-64.00,
180.00,-64.00,
ENDFIL:,EOF
