REVNUM:,NSMA WG16.99.050
REVDAT:,19990520
ANTMAN:,ANDREW CORPORATION
MODNUM:,HP15-65
PATNUM:,2692D
FEDORN:,NA
DESCR1:,
DESCR2:,
DESCR3:,
DESCR4:,
DESCR5:,
DTDATA:,19740528
LOWFRQ:,6425
HGHFRQ:,7125
GUNITS:,DBI/DBR
LWGAIN:,46.8
MDGAIN:,47.2
HGGAIN:,47.6
AZWIDT:,0.70
ELWIDT:,0.70
ATVSWR:,1.06
FRTOBA:,71.0
ELTILT:,0
PATTYP:,ENVELOPE
NOFREQ:,NA
PATFRE:,NA
NUMCUT:,4
PATCUT:,AZ
POLARI:,H/H
NUPOIN:,19
-180.00,-71.00,
-100.00,-71.00,
-80.00,-48.00,
-30.00,-48.00,
-15.00,-42.80,
-3.00,-23.00,
-1.30,-23.00,
-1.00,-10.00,
-0.50,-2.00,
0.00,0.00,
0.50,-2.00,
1.00,-10.00,
1.30,-23.00,
3.00,-23.00,
15.00,-42.80,
30.00,-48.00,
80.00,-48.00,
100.00,-71.00,
180.00,-71.00,
PATCUT:,AZ
POLARI:,H/V
NUPOIN:,15
-180.00,-71.00,
-100.00,-71.00,
-80.00,-57.00,
-10.10,-57.00,
-7.00,-40.00,
-4.00,-40.00,
-2.50,-30.00,
0.00,-30.00,
2.50,-30.00,
4.00,-40.00,
7.00,-40.00,
10.10,-57.00,
80.00,-57.00,
100.00,-71.00,
180.00,-71.00,
PATCUT:,AZ
POLARI:,V/V
NUPOIN:,27
-180.00,-71.00,
-100.00,-71.00,
-79.00,-47.00,
-27.00,-47.00,
-17.40,-39.00,
-15.00,-39.00,
-7.00,-26.00,
-5.00,-26.00,
-5.00,-24.50,
-3.00,-23.00,
-1.30,-23.00,
-1.00,-10.00,
-0.50,-2.00,
0.00,0.00,
0.50,-2.00,
1.00,-10.00,
1.30,-23.00,
3.00,-23.00,
5.00,-24.50,
5.00,-26.00,
7.00,-26.00,
15.00,-39.00,
17.40,-39.00,
27.00,-47.00,
79.00,-47.00,
100.00,-71.00,
180.00,-71.00,
PATCUT:,AZ
POLARI:,V/H
NUPOIN:,19
-180.00,-71.00,
-100.00,-71.00,
-80.00,-57.00,
-20.50,-57.00,
-15.00,-55.30,
-10.00,-52.00,
-8.50,-45.00,
-5.50,-45.00,
-2.50,-30.00,
0.00,-30.00,
2.50,-30.00,
5.50,-45.00,
8.50,-45.00,
10.00,-52.00,
15.00,-55.30,
20.50,-57.00,
80.00,-57.00,
100.00,-71.00,
180.00,-71.00,
ENDFIL:,EOF
