REVNUM:,NSMA WG16.99.050
REVDAT:,19990520
ANTMAN:,ANDREW CORPORATION
MODNUM:,HDH8-65
PATNUM:,1892
FEDORN:,NA
DESCR1:,
DESCR2:,Dual Beam Antenna, Main; refer to RPE 1893 for Diversity.
DESCR3:,
DESCR4:,
DESCR5:,
DTDATA:,19891031
LOWFRQ:,6425
HGHFRQ:,7125
GUNITS:,DBI/DBR
LWGAIN:,42.1
MDGAIN:,42.4
HGGAIN:,42.7
AZWIDT:,1.50
ELWIDT:,1.50
ATVSWR:,1.06
FRTOBA:,65.0
ELTILT:,0
PATTYP:,ENVELOPE
NOFREQ:,NA
PATFRE:,NA
NUMCUT:,2
PATCUT:,AZ
POLARI:,H/H
NUPOIN:,71
-180.00,-65.00,
-170.00,-65.00,
-170.00,-65.90,
-160.00,-65.90,
-95.20,-65.90,
-90.00,-64.10,
-80.00,-57.10,
-74.10,-57.10,
-70.00,-53.60,
-65.00,-49.80,
-60.00,-48.50,
-52.00,-48.50,
-50.00,-46.40,
-36.30,-46.40,
-35.00,-45.60,
-30.00,-42.60,
-25.00,-37.00,
-23.00,-34.00,
-20.00,-34.00,
-19.50,-32.00,
-15.00,-32.00,
-14.80,-29.00,
-10.00,-29.00,
-9.50,-26.80,
-3.00,-26.80,
-3.00,-23.00,
-2.30,-23.00,
-2.00,-20.50,
-1.80,-17.70,
-1.50,-13.40,
-1.30,-7.90,
-1.00,-4.40,
-0.80,-2.60,
-0.50,-1.20,
-0.30,0.00,
0.00,0.00,
0.30,0.00,
0.50,-1.20,
0.80,-2.60,
1.00,-4.40,
1.30,-7.90,
1.50,-13.40,
1.80,-17.70,
2.00,-20.50,
2.30,-23.00,
3.00,-23.00,
3.00,-26.80,
9.50,-26.80,
10.00,-29.00,
14.80,-29.00,
15.00,-32.00,
19.50,-32.00,
20.00,-34.00,
23.00,-34.00,
25.00,-37.00,
30.00,-42.60,
35.00,-45.60,
36.30,-46.40,
50.00,-46.40,
52.00,-48.50,
60.00,-48.50,
65.00,-49.80,
70.00,-53.60,
74.10,-57.10,
80.00,-57.10,
90.00,-64.10,
95.20,-65.90,
160.00,-65.90,
170.00,-65.90,
170.00,-65.00,
180.00,-65.00,
PATCUT:,AZ
POLARI:,H/V
NUPOIN:,51
-180.00,-66.00,
-170.00,-66.00,
-170.00,-66.90,
-160.00,-66.80,
-140.90,-66.80,
-140.00,-66.60,
-90.60,-66.60,
-90.00,-66.40,
-79.70,-66.40,
-75.00,-63.90,
-70.00,-55.20,
-61.20,-55.20,
-60.00,-54.40,
-55.00,-52.00,
-43.10,-52.00,
-40.00,-49.80,
-33.60,-49.80,
-30.00,-47.70,
-25.00,-47.50,
-20.00,-43.20,
-14.20,-43.20,
-14.00,-39.80,
-13.00,-39.60,
-12.00,-34.80,
-11.00,-30.00,
0.00,-30.00,
11.00,-30.00,
12.00,-34.80,
13.00,-39.60,
14.00,-39.80,
14.20,-43.20,
20.00,-43.20,
25.00,-47.50,
30.00,-47.70,
33.60,-49.80,
40.00,-49.80,
43.10,-52.00,
55.00,-52.00,
60.00,-54.40,
61.20,-55.20,
70.00,-55.20,
75.00,-63.90,
79.70,-66.40,
90.00,-66.40,
90.60,-66.60,
140.00,-66.60,
140.90,-66.80,
160.00,-66.80,
170.00,-66.90,
170.00,-66.00,
180.00,-66.00,
ENDFIL:,EOF
