REVNUM:,NSMA WG16.99.050
REVDAT:,19990520
ANTMAN:,ANDREW CORPORATION
MODNUM:,HPX12-6511
PATNUM:,3031C
FEDORN:,NA
DESCR1:,
DESCR2:,
DESCR3:,
DESCR4:,
DESCR5:,
DTDATA:,19810819
LOWFRQ:,6425
HGHFRQ:,7125
GUNITS:,DBI/DBR
LWGAIN:,43.5
MDGAIN:,44.0
HGGAIN:,44.5
AZWIDT:,0.90
ELWIDT:,0.90
ATVSWR:,1.12
FRTOBA:,70.0
ELTILT:,0
PATTYP:,ENVELOPE
NOFREQ:,NA
PATFRE:,NA
NUMCUT:,4
PATCUT:,AZ
POLARI:,H/H
NUPOIN:,29
-180.00,-70.00,
-90.00,-70.00,
-90.00,-68.00,
-85.00,-60.00,
-60.00,-52.00,
-45.00,-50.00,
-30.00,-43.00,
-20.00,-40.00,
-15.00,-40.00,
-6.00,-30.00,
-2.50,-16.00,
-0.90,-16.00,
-0.50,-5.00,
-0.20,-1.00,
0.00,0.00,
0.20,-1.00,
0.50,-5.00,
0.90,-16.00,
2.50,-16.00,
6.00,-30.00,
15.00,-40.00,
20.00,-40.00,
30.00,-43.00,
45.00,-50.00,
60.00,-52.00,
85.00,-60.00,
90.00,-68.00,
90.00,-70.00,
180.00,-70.00,
PATCUT:,AZ
POLARI:,H/V
NUPOIN:,13
-180.00,-70.00,
-90.00,-70.00,
-70.00,-64.00,
-15.00,-55.00,
-2.00,-40.00,
-1.00,-33.00,
0.00,-33.00,
1.00,-33.00,
2.00,-40.00,
15.00,-55.00,
70.00,-64.00,
90.00,-70.00,
180.00,-70.00,
PATCUT:,AZ
POLARI:,V/V
NUPOIN:,29
-180.00,-70.00,
-90.00,-70.00,
-90.00,-68.00,
-70.00,-51.00,
-20.00,-40.00,
-20.00,-38.30,
-15.00,-34.50,
-15.00,-34.00,
-10.00,-30.00,
-3.00,-17.00,
-1.00,-17.00,
-0.90,-16.00,
-0.50,-5.00,
-0.20,-1.00,
0.00,0.00,
0.20,-1.00,
0.50,-5.00,
0.90,-16.00,
1.00,-17.00,
3.00,-17.00,
10.00,-30.00,
15.00,-34.00,
15.00,-34.50,
20.00,-38.30,
20.00,-40.00,
70.00,-51.00,
90.00,-68.00,
90.00,-70.00,
180.00,-70.00,
PATCUT:,AZ
POLARI:,V/H
NUPOIN:,15
-180.00,-70.00,
-90.00,-70.00,
-70.00,-60.00,
-45.00,-59.00,
-15.00,-50.00,
-2.00,-40.00,
-1.00,-33.00,
0.00,-33.00,
1.00,-33.00,
2.00,-40.00,
15.00,-50.00,
45.00,-59.00,
70.00,-60.00,
90.00,-70.00,
180.00,-70.00,
ENDFIL:,EOF
