REVNUM:,NSMA WG16.99.050
REVDAT:,19990520
ANTMAN:,ANDREW CORPORATION
MODNUM:,HDH6-65
PATNUM:,1884
FEDORN:,NA
DESCR1:,
DESCR2:,Dual Beam Antenna, Main; refer to RPE 1885 for Diversity.
DESCR3:,
DESCR4:,
DESCR5:,
DTDATA:,19891105
LOWFRQ:,6425
HGHFRQ:,7125
GUNITS:,DBI/DBR
LWGAIN:,39.4
MDGAIN:,39.7
HGGAIN:,40.0
AZWIDT:,1.90
ELWIDT:,1.90
ATVSWR:,1.08
FRTOBA:,60.0
ELTILT:,0
PATTYP:,ENVELOPE
NOFREQ:,NA
PATFRE:,NA
NUMCUT:,2
PATCUT:,AZ
POLARI:,H/H
NUPOIN:,81
-180.00,-60.00,
-170.00,-60.00,
-170.00,-60.00,
-94.80,-60.00,
-90.00,-56.50,
-79.40,-56.50,
-75.00,-53.00,
-70.00,-52.30,
-64.20,-52.30,
-60.00,-44.60,
-55.00,-44.60,
-50.00,-42.70,
-38.20,-42.70,
-35.00,-41.60,
-30.00,-39.60,
-25.00,-35.30,
-18.10,-35.30,
-15.00,-31.30,
-13.00,-31.30,
-13.00,-30.90,
-10.30,-30.90,
-10.00,-30.30,
-9.00,-27.30,
-8.00,-26.90,
-7.00,-26.40,
-6.00,-25.60,
-4.60,-25.60,
-4.30,-24.00,
-3.00,-19.50,
-2.50,-19.50,
-2.14,-18.36,
-1.94,-15.33,
-1.74,-12.10,
-1.50,-8.63,
-1.29,-6.34,
-1.04,-4.05,
-0.70,-1.82,
-0.54,-1.14,
-0.39,-0.63,
-0.14,-0.12,
0.00,0.00,
0.14,-0.12,
0.39,-0.63,
0.54,-1.14,
0.70,-1.82,
1.04,-4.05,
1.29,-6.34,
1.50,-8.63,
1.74,-12.11,
1.94,-15.33,
2.14,-18.36,
2.50,-19.50,
3.00,-19.50,
4.30,-24.00,
4.60,-25.60,
6.00,-25.60,
7.00,-26.40,
8.00,-26.90,
9.00,-27.30,
10.00,-30.30,
10.30,-30.90,
13.00,-30.90,
13.00,-31.30,
15.00,-31.30,
18.10,-35.30,
25.00,-35.30,
30.00,-39.60,
35.00,-41.60,
38.20,-42.70,
50.00,-42.70,
55.00,-44.60,
60.00,-44.60,
64.20,-52.30,
70.00,-52.30,
75.00,-53.00,
79.40,-56.50,
90.00,-56.50,
94.80,-60.00,
170.00,-60.00,
170.00,-60.00,
180.00,-60.00,
PATCUT:,AZ
POLARI:,H/V
NUPOIN:,35
-180.00,-63.00,
-170.00,-63.00,
-170.00,-63.00,
-160.00,-63.00,
-78.10,-63.00,
-75.00,-58.90,
-69.00,-58.90,
-65.00,-52.00,
-60.00,-47.30,
-36.30,-47.30,
-35.00,-45.80,
-28.10,-45.80,
-25.00,-42.60,
-17.50,-42.60,
-15.00,-36.70,
-13.70,-36.70,
-13.00,-30.00,
0.00,-30.00,
13.00,-30.00,
13.70,-36.70,
15.00,-36.70,
17.50,-42.60,
25.00,-42.60,
28.10,-45.80,
35.00,-45.80,
36.30,-47.30,
60.00,-47.30,
65.00,-52.00,
69.00,-58.90,
75.00,-58.90,
78.10,-63.00,
160.00,-63.00,
170.00,-63.00,
170.00,-63.00,
180.00,-63.00,
ENDFIL:,EOF
