REVNUM:,NSMA WG16.99.050
REVDAT:,19990520
ANTMAN:,ANDREW CORPORATION
MODNUM:,PDV8-65
PATNUM:,1782
FEDORN:,NA
DESCR1:,
DESCR2:,Dual Beam Antenna, Main; refer to RPE 1783 for Diversity.
DESCR3:,
DESCR4:,
DESCR5:,
DTDATA:,19891031
LOWFRQ:,6425
HGHFRQ:,7125
GUNITS:,DBI/DBR
LWGAIN:,42.1
MDGAIN:,42.4
HGGAIN:,42.7
AZWIDT:,1.50
ELWIDT:,1.50
ATVSWR:,1.06
FRTOBA:,55.0
ELTILT:,0
PATTYP:,ENVELOPE
NOFREQ:,NA
PATFRE:,NA
NUMCUT:,2
PATCUT:,AZ
POLARI:,V/V
NUPOIN:,57
-180.00,-58.00,
-170.00,-58.00,
-170.00,-59.00,
-140.00,-59.00,
-125.00,-55.00,
-110.00,-42.00,
-45.00,-42.00,
-38.00,-38.00,
-24.90,-38.00,
-20.00,-34.00,
-19.00,-32.00,
-15.00,-32.00,
-14.20,-30.00,
-7.50,-30.00,
-5.00,-26.00,
-4.00,-24.00,
-2.10,-24.00,
-1.70,-23.00,
-1.50,-18.80,
-1.30,-13.40,
-1.10,-9.00,
-0.90,-5.90,
-0.70,-3.40,
-0.60,-2.40,
-0.50,-1.70,
-0.40,-1.20,
-0.30,-0.40,
-0.20,-0.20,
0.00,0.00,
0.20,-0.20,
0.30,-0.40,
0.40,-1.20,
0.50,-1.70,
0.60,-2.40,
0.70,-3.40,
0.90,-5.90,
1.10,-9.00,
1.30,-13.40,
1.50,-18.80,
1.70,-23.00,
2.10,-24.00,
4.00,-24.00,
5.00,-26.00,
7.50,-30.00,
14.20,-30.00,
15.00,-32.00,
19.00,-32.00,
20.00,-34.00,
24.90,-38.00,
38.00,-38.00,
45.00,-42.00,
110.00,-42.00,
125.00,-55.00,
140.00,-59.00,
170.00,-59.00,
170.00,-58.00,
180.00,-58.00,
PATCUT:,AZ
POLARI:,V/H
NUPOIN:,27
-180.00,-60.00,
-125.00,-60.00,
-110.00,-52.00,
-40.00,-52.00,
-35.00,-50.00,
-25.00,-50.00,
-17.00,-40.80,
-14.00,-40.80,
-12.00,-37.90,
-2.90,-37.90,
-2.00,-35.00,
-1.50,-32.80,
-1.00,-30.00,
0.00,-30.00,
1.00,-30.00,
1.50,-32.80,
2.00,-35.00,
2.90,-37.90,
12.00,-37.90,
14.00,-40.80,
17.00,-40.80,
25.00,-50.00,
35.00,-50.00,
40.00,-52.00,
110.00,-52.00,
125.00,-60.00,
180.00,-60.00,
ENDFIL:,EOF
