REVNUM:,NSMA WG16.99.050
REVDAT:,19990520
ANTMAN:,ANDREW CORPORATION
MODNUM:,HPX12-65
PATNUM:,2656D
FEDORN:,NA
DESCR1:,
DESCR2:,
DESCR3:,
DESCR4:,
DESCR5:,
DTDATA:,19750718
LOWFRQ:,6425
HGHFRQ:,7125
GUNITS:,DBI/DBR
LWGAIN:,45.0
MDGAIN:,45.4
HGGAIN:,45.9
AZWIDT:,0.80
ELWIDT:,0.80
ATVSWR:,1.06
FRTOBA:,71.0
ELTILT:,0
PATTYP:,ENVELOPE
NOFREQ:,NA
PATFRE:,NA
NUMCUT:,4
PATCUT:,AZ
POLARI:,H/H
NUPOIN:,27
-180.00,-71.00,
-95.00,-71.00,
-65.00,-48.00,
-30.00,-48.00,
-15.00,-41.40,
-14.00,-39.00,
-9.50,-39.00,
-8.50,-31.00,
-4.50,-30.00,
-2.50,-25.00,
-1.40,-25.00,
-1.00,-15.00,
-0.50,-1.00,
0.00,0.00,
0.50,-1.00,
1.00,-15.00,
1.40,-25.00,
2.50,-25.00,
4.50,-30.00,
8.50,-31.00,
9.50,-39.00,
14.00,-39.00,
15.00,-41.40,
30.00,-48.00,
65.00,-48.00,
95.00,-71.00,
180.00,-71.00,
PATCUT:,AZ
POLARI:,H/V
NUPOIN:,19
-180.00,-71.00,
-90.00,-71.00,
-80.00,-67.00,
-35.00,-58.00,
-15.00,-54.90,
-10.00,-50.00,
-7.50,-44.00,
-2.00,-44.00,
-1.00,-30.00,
0.00,-30.00,
1.00,-30.00,
2.00,-44.00,
7.50,-44.00,
10.00,-50.00,
15.00,-54.90,
35.00,-58.00,
80.00,-67.00,
90.00,-71.00,
180.00,-71.00,
PATCUT:,AZ
POLARI:,V/V
NUPOIN:,25
-180.00,-71.00,
-92.50,-71.00,
-70.00,-55.00,
-30.00,-50.00,
-15.00,-42.00,
-14.00,-39.00,
-10.00,-39.00,
-2.50,-28.00,
-1.50,-28.00,
-1.40,-25.00,
-1.00,-15.00,
-0.50,-1.00,
0.00,0.00,
0.50,-1.00,
1.00,-15.00,
1.40,-25.00,
1.50,-28.00,
2.50,-28.00,
10.00,-39.00,
14.00,-39.00,
15.00,-42.00,
30.00,-50.00,
70.00,-55.00,
92.50,-71.00,
180.00,-71.00,
PATCUT:,AZ
POLARI:,V/H
NUPOIN:,19
-180.00,-71.00,
-90.00,-71.00,
-75.00,-65.00,
-45.00,-59.00,
-20.00,-59.00,
-15.00,-56.00,
-7.50,-47.00,
-2.00,-47.00,
-1.00,-30.00,
0.00,-30.00,
1.00,-30.00,
2.00,-47.00,
7.50,-47.00,
15.00,-56.00,
20.00,-59.00,
45.00,-59.00,
75.00,-65.00,
90.00,-71.00,
180.00,-71.00,
ENDFIL:,EOF
