REVNUM:,NSMA WG16.99.050
REVDAT:,19990520
ANTMAN:,ANDREW CORPORATION
MODNUM:,LBX12-65
PATNUM:,4647
FEDORN:,NA
DESCR1:,
DESCR2:,
DESCR3:,
DESCR4:,
DESCR5:,
DTDATA:,20000726
LOWFRQ:,6425
HGHFRQ:,7125
GUNITS:,DBI/DBR
LWGAIN:,44.8
MDGAIN:,45.3
HGGAIN:,45.7
AZWIDT:,0.80
ELWIDT:,0.80
ATVSWR:,1.06
FRTOBA:,63.0
ELTILT:,0
PATTYP:,ENVELOPE
NOFREQ:,NA
PATFRE:,NA
NUMCUT:,4
PATCUT:,AZ
POLARI:,H/H
NUPOIN:,27
-180.00,-63.00,
-119.00,-63.00,
-100.00,-53.00,
-30.00,-48.00,
-20.00,-38.00,
-15.00,-38.00,
-8.00,-35.00,
-4.50,-30.00,
-3.00,-30.00,
-2.50,-25.00,
-1.50,-25.00,
-1.00,-4.00,
-0.70,-1.00,
0.00,0.00,
0.70,-1.00,
1.00,-4.00,
1.50,-25.00,
2.50,-25.00,
3.00,-30.00,
4.50,-30.00,
8.00,-35.00,
15.00,-38.00,
20.00,-38.00,
30.00,-48.00,
100.00,-53.00,
119.00,-63.00,
180.00,-63.00,
PATCUT:,AZ
POLARI:,H/V
NUPOIN:,19
-180.00,-65.00,
-75.00,-65.00,
-60.00,-60.00,
-35.00,-60.00,
-20.00,-54.00,
-15.00,-54.00,
-8.00,-47.00,
-4.00,-45.00,
-2.00,-33.00,
0.00,-33.00,
2.00,-33.00,
4.00,-45.00,
8.00,-47.00,
15.00,-54.00,
20.00,-54.00,
35.00,-60.00,
60.00,-60.00,
75.00,-65.00,
180.00,-65.00,
PATCUT:,AZ
POLARI:,V/V
NUPOIN:,23
-180.00,-63.00,
-119.00,-63.00,
-100.00,-49.00,
-45.00,-49.00,
-15.00,-37.00,
-9.00,-34.00,
-3.00,-30.00,
-2.50,-25.00,
-1.50,-25.00,
-1.00,-4.00,
-0.70,-1.00,
0.00,0.00,
0.70,-1.00,
1.00,-4.00,
1.50,-25.00,
2.50,-25.00,
3.00,-30.00,
9.00,-34.00,
15.00,-37.00,
45.00,-49.00,
100.00,-49.00,
119.00,-63.00,
180.00,-63.00,
PATCUT:,AZ
POLARI:,V/H
NUPOIN:,17
-180.00,-65.00,
-75.00,-65.00,
-60.00,-60.00,
-35.00,-60.00,
-15.00,-52.00,
-8.00,-45.00,
-4.00,-45.00,
-2.00,-33.00,
0.00,-33.00,
2.00,-33.00,
4.00,-45.00,
8.00,-45.00,
15.00,-52.00,
35.00,-60.00,
60.00,-60.00,
75.00,-65.00,
180.00,-65.00,
ENDFIL:,EOF
