REVNUM:,NSMA WG16.99.050
REVDAT:,19990520
ANTMAN:,ANDREW CORPORATION
MODNUM:,PDV12-65
PATNUM:,1740
FEDORN:,NA
DESCR1:,
DESCR2:,Dual Beam Antenna, Diversity; refer to RPE 1740 for Main.
DESCR3:,
DESCR4:,
DESCR5:,
DTDATA:,19890711
LOWFRQ:,6425
HGHFRQ:,7125
GUNITS:,DBI/DBR
LWGAIN:,45.0
MDGAIN:,45.3
HGGAIN:,45.6
AZWIDT:,0.90
ELWIDT:,0.90
ATVSWR:,1.06
FRTOBA:,60.0
ELTILT:,0
PATTYP:,ENVELOPE
NOFREQ:,NA
PATFRE:,NA
NUMCUT:,2
PATCUT:,AZ
POLARI:,V/V
NUPOIN:,35
-180.00,-62.00,
-170.00,-62.00,
-170.00,-64.00,
-135.00,-64.00,
-110.00,-54.80,
-100.00,-45.60,
-50.50,-45.60,
-45.00,-42.40,
-23.50,-42.40,
-15.00,-35.80,
-13.00,-32.50,
-11.00,-30.60,
-6.80,-30.60,
-6.00,-28.40,
-5.00,-27.50,
-1.90,-27.50,
-1.00,-17.00,
0.00,-17.00,
1.00,-17.00,
1.90,-27.50,
5.00,-27.50,
6.00,-28.40,
6.80,-30.60,
11.00,-30.60,
13.00,-32.50,
15.00,-35.80,
23.50,-42.40,
45.00,-42.40,
50.50,-45.60,
100.00,-45.60,
110.00,-54.80,
135.00,-64.00,
170.00,-64.00,
170.00,-62.00,
180.00,-62.00,
PATCUT:,AZ
POLARI:,V/H
NUPOIN:,35
-180.00,-62.00,
-170.00,-62.00,
-170.00,-66.20,
-139.00,-66.20,
-120.00,-62.20,
-110.00,-57.70,
-52.00,-57.70,
-45.00,-54.40,
-23.90,-54.40,
-20.00,-50.60,
-15.00,-47.70,
-13.00,-44.70,
-10.00,-43.30,
-6.20,-35.60,
-2.30,-35.60,
-1.50,-30.40,
-1.00,-20.00,
0.00,-20.00,
1.00,-20.00,
1.50,-30.40,
2.30,-35.60,
6.20,-35.60,
10.00,-43.30,
13.00,-44.70,
15.00,-47.70,
20.00,-50.60,
23.90,-54.40,
45.00,-54.40,
52.00,-57.70,
110.00,-57.70,
120.00,-62.20,
139.00,-66.20,
170.00,-66.20,
170.00,-62.00,
180.00,-62.00,
ENDFIL:,EOF
