REVNUM:,NSMA WG16.99.050
REVDAT:,19990520
ANTMAN:,ANDREW CORPORATION
MODNUM:,PDH10-65
PATNUM:,1795
FEDORN:,NA
DESCR1:,
DESCR2:,Dual Beam Antenna, Diversity; refer to RPE 1794 for Main.
DESCR3:,
DESCR4:,
DESCR5:,
DTDATA:,19891005
LOWFRQ:,6425
HGHFRQ:,7125
GUNITS:,DBI/DBR
LWGAIN:,43.6
MDGAIN:,43.9
HGGAIN:,44.2
AZWIDT:,1.20
ELWIDT:,1.20
ATVSWR:,1.06
FRTOBA:,60.0
ELTILT:,0
PATTYP:,ENVELOPE
NOFREQ:,NA
PATFRE:,NA
NUMCUT:,2
PATCUT:,AZ
POLARI:,H/H
NUPOIN:,39
-180.00,-61.00,
-170.00,-61.00,
-170.00,-63.00,
-130.00,-63.00,
-115.00,-60.00,
-98.00,-42.00,
-48.00,-42.00,
-35.00,-38.00,
-28.00,-38.00,
-20.00,-32.00,
-16.60,-30.00,
-12.00,-30.00,
-11.50,-29.00,
-8.00,-29.00,
-7.00,-24.90,
-3.70,-24.90,
-3.00,-24.00,
-1.50,-24.00,
-0.70,-12.00,
0.00,-12.00,
0.70,-12.00,
1.50,-24.00,
3.00,-24.00,
3.70,-24.90,
7.00,-24.90,
8.00,-29.00,
11.50,-29.00,
12.00,-30.00,
16.60,-30.00,
20.00,-32.00,
28.00,-38.00,
35.00,-38.00,
48.00,-42.00,
98.00,-42.00,
115.00,-60.00,
130.00,-63.00,
170.00,-63.00,
170.00,-61.00,
180.00,-61.00,
PATCUT:,AZ
POLARI:,H/V
NUPOIN:,33
-180.00,-63.40,
-170.00,-63.40,
-170.00,-66.00,
-108.00,-66.00,
-100.00,-59.00,
-80.00,-59.00,
-70.00,-57.00,
-50.00,-57.00,
-40.00,-51.80,
-25.00,-48.00,
-18.00,-40.00,
-15.00,-40.00,
-11.50,-33.00,
-2.40,-33.00,
-2.00,-30.80,
-1.40,-23.00,
0.00,-23.00,
1.40,-23.00,
2.00,-30.80,
2.40,-33.00,
11.50,-33.00,
14.00,-40.00,
20.00,-43.80,
25.00,-48.00,
40.00,-51.80,
50.00,-57.00,
70.00,-57.00,
80.00,-59.00,
100.00,-59.00,
108.00,-66.00,
170.00,-66.00,
170.00,-63.40,
180.00,-63.40,
ENDFIL:,EOF
