REVNUM:,NSMA WG16.99.050
REVDAT:,19990520
ANTMAN:,ANDREW CORPORATION
MODNUM:,PDH12-65
PATNUM:,1744
FEDORN:,NA
DESCR1:,
DESCR2:,Dual Beam Antenna, Diversity; refer to RPE 1743 for Main.
DESCR3:,
DESCR4:,
DESCR5:,
DTDATA:,19890801
LOWFRQ:,6425
HGHFRQ:,7125
GUNITS:,DBI/DBR
LWGAIN:,45.0
MDGAIN:,45.3
HGGAIN:,45.6
AZWIDT:,0.90
ELWIDT:,0.90
ATVSWR:,1.06
FRTOBA:,53.0
ELTILT:,0
PATTYP:,ENVELOPE
NOFREQ:,NA
PATFRE:,NA
NUMCUT:,2
PATCUT:,AZ
POLARI:,H/H
NUPOIN:,43
-180.00,-53.00,
-170.00,-53.00,
-170.00,-63.00,
-140.00,-63.00,
-120.00,-60.00,
-100.00,-42.90,
-49.20,-42.90,
-45.00,-39.30,
-24.20,-39.30,
-20.00,-35.10,
-15.00,-31.80,
-13.00,-29.40,
-12.00,-29.10,
-11.00,-28.70,
-10.00,-27.00,
-6.70,-27.00,
-6.00,-26.00,
-5.00,-24.70,
-1.90,-24.70,
-1.50,-21.90,
-1.00,-15.80,
0.00,-15.80,
1.00,-15.80,
1.50,-21.90,
1.90,-24.70,
5.00,-24.70,
6.00,-26.00,
6.70,-27.00,
10.00,-27.00,
11.00,-28.70,
12.00,-29.10,
13.00,-29.40,
15.00,-31.80,
20.00,-35.10,
24.20,-39.30,
45.00,-39.30,
49.20,-42.90,
100.00,-42.90,
120.00,-60.00,
140.00,-63.00,
170.00,-63.00,
170.00,-53.00,
180.00,-53.00,
PATCUT:,AZ
POLARI:,H/V
NUPOIN:,47
-180.00,-65.80,
-115.00,-65.80,
-100.00,-57.80,
-53.60,-57.80,
-50.00,-57.00,
-45.00,-55.80,
-40.00,-53.30,
-35.00,-52.40,
-30.00,-51.70,
-25.00,-50.90,
-20.00,-48.80,
-15.00,-45.30,
-14.00,-43.10,
-13.00,-42.90,
-12.00,-42.80,
-11.00,-40.90,
-10.00,-38.50,
-9.00,-33.70,
-8.00,-32.90,
-7.00,-32.20,
-1.50,-32.20,
-1.50,-31.90,
-1.00,-24.00,
0.00,-24.00,
1.00,-24.00,
1.50,-31.90,
1.50,-32.20,
7.00,-32.20,
8.00,-32.90,
9.00,-33.70,
10.00,-38.50,
11.00,-40.90,
12.00,-42.80,
13.00,-42.90,
14.00,-43.10,
15.00,-45.30,
20.00,-48.80,
25.00,-50.90,
30.00,-51.70,
35.00,-52.40,
40.00,-53.30,
45.00,-55.80,
50.00,-57.00,
53.60,-57.80,
100.00,-57.80,
115.00,-65.80,
180.00,-65.80,
ENDFIL:,EOF
