REVNUM:,NSMA WG16.99.050
REVDAT:,19990520
ANTMAN:,ANDREW CORPORATION
MODNUM:,HDH8-65
PATNUM:,1893
FEDORN:,NA
DESCR1:,
DESCR2:,Dual Beam Antenna, Diversity; refer to RPE 1892 for Main.
DESCR3:,
DESCR4:,
DESCR5:,
DTDATA:,19891031
LOWFRQ:,6425
HGHFRQ:,7125
GUNITS:,DBI/DBR
LWGAIN:,42.1
MDGAIN:,42.4
HGGAIN:,42.7
AZWIDT:,1.50
ELWIDT:,1.50
ATVSWR:,1.06
FRTOBA:,65.0
ELTILT:,0
PATTYP:,ENVELOPE
NOFREQ:,NA
PATFRE:,NA
NUMCUT:,2
PATCUT:,AZ
POLARI:,H/H
NUPOIN:,63
-180.00,-67.00,
-170.00,-67.00,
-170.00,-67.00,
-160.00,-67.00,
-150.00,-67.00,
-104.30,-67.00,
-100.00,-64.60,
-89.60,-64.60,
-80.00,-59.30,
-75.00,-52.90,
-69.60,-52.90,
-65.00,-49.40,
-60.00,-48.70,
-54.40,-48.70,
-50.00,-45.40,
-36.40,-45.40,
-35.00,-43.20,
-29.90,-43.20,
-25.00,-34.00,
-20.00,-34.00,
-19.50,-32.00,
-15.00,-32.00,
-14.80,-29.00,
-10.00,-29.00,
-9.50,-28.00,
-7.60,-28.00,
-7.00,-26.00,
-2.50,-26.00,
-2.00,-24.90,
-1.50,-19.20,
-1.00,-15.00,
0.00,-15.00,
1.00,-15.00,
1.50,-19.20,
2.00,-24.90,
2.50,-26.00,
7.00,-26.00,
7.60,-28.00,
9.50,-28.00,
10.00,-29.00,
14.80,-29.00,
15.00,-32.00,
19.50,-32.00,
20.00,-34.00,
25.00,-34.00,
29.90,-43.20,
35.00,-43.20,
36.40,-45.40,
50.00,-45.40,
54.40,-48.70,
60.00,-48.70,
65.00,-49.40,
69.60,-52.90,
75.00,-52.90,
80.00,-59.30,
89.60,-64.60,
100.00,-64.60,
104.30,-67.00,
150.00,-67.00,
160.00,-67.00,
170.00,-67.00,
170.00,-67.00,
180.00,-67.00,
PATCUT:,AZ
POLARI:,H/V
NUPOIN:,51
-180.00,-65.00,
-170.00,-65.00,
-170.00,-67.50,
-92.00,-67.50,
-90.00,-66.30,
-76.70,-66.30,
-75.00,-65.60,
-70.00,-56.20,
-62.20,-56.20,
-60.00,-54.00,
-50.70,-54.00,
-50.00,-53.90,
-44.00,-53.90,
-40.00,-49.20,
-31.90,-49.20,
-30.00,-46.90,
-25.00,-46.90,
-20.00,-40.00,
-15.00,-36.70,
-13.30,-34.70,
-13.00,-34.40,
-12.00,-32.40,
-11.00,-30.90,
-2.00,-30.90,
-1.50,-24.00,
0.00,-24.00,
1.50,-24.00,
2.00,-30.90,
11.00,-30.90,
12.00,-32.40,
13.00,-34.40,
13.30,-34.70,
15.00,-36.70,
20.00,-40.00,
25.00,-46.90,
30.00,-46.90,
31.90,-49.20,
40.00,-49.20,
44.00,-53.90,
50.00,-53.90,
50.70,-54.00,
60.00,-54.00,
62.20,-56.20,
70.00,-56.20,
75.00,-65.60,
76.70,-66.30,
90.00,-66.30,
92.00,-67.50,
170.00,-67.50,
170.00,-65.00,
180.00,-65.00,
ENDFIL:,EOF
