REVNUM:,NSMA WG16.99.050
REVDAT:,19990520
ANTMAN:,ANDREW CORPORATION
MODNUM:,HDH10-65
PATNUM:,1901
FEDORN:,NA
DESCR1:,
DESCR2:,Dual Beam Antenna, Diversity; refer to RPE 1900 for Main.
DESCR3:,
DESCR4:,
DESCR5:,
DTDATA:,19891102
LOWFRQ:,6425
HGHFRQ:,7125
GUNITS:,DBI/DBR
LWGAIN:,43.6
MDGAIN:,43.9
HGGAIN:,44.2
AZWIDT:,1.20
ELWIDT:,1.20
ATVSWR:,1.06
FRTOBA:,66.0
ELTILT:,0
PATTYP:,ENVELOPE
NOFREQ:,NA
PATFRE:,NA
NUMCUT:,2
PATCUT:,AZ
POLARI:,H/H
NUPOIN:,55
-180.00,-66.00,
-96.60,-66.00,
-90.00,-63.40,
-80.00,-56.40,
-74.70,-56.40,
-70.00,-46.60,
-65.00,-45.40,
-51.70,-45.40,
-50.00,-43.20,
-44.60,-43.20,
-40.00,-39.30,
-32.50,-39.30,
-30.00,-39.00,
-25.00,-37.10,
-23.00,-34.00,
-20.00,-34.00,
-19.00,-32.00,
-15.00,-32.00,
-14.70,-30.10,
-11.20,-30.10,
-11.00,-29.00,
-7.60,-29.00,
-7.00,-26.30,
-1.60,-26.30,
-1.40,-23.30,
-1.20,-20.00,
-0.80,-15.00,
0.00,-15.00,
0.80,-15.00,
1.20,-20.00,
1.40,-23.30,
1.60,-26.30,
7.00,-26.30,
7.60,-29.00,
11.00,-29.00,
11.20,-30.10,
14.70,-30.10,
15.00,-32.00,
19.00,-32.00,
20.00,-34.00,
23.00,-34.00,
25.00,-37.10,
30.00,-39.00,
32.50,-39.30,
40.00,-39.30,
44.60,-43.20,
50.00,-43.20,
51.70,-45.40,
65.00,-45.40,
70.00,-46.60,
74.70,-56.40,
80.00,-56.40,
90.00,-63.40,
96.60,-66.00,
180.00,-66.00,
PATCUT:,AZ
POLARI:,H/V
NUPOIN:,45
-180.00,-69.00,
-92.10,-69.00,
-90.00,-67.30,
-79.90,-67.30,
-75.00,-63.40,
-70.00,-56.80,
-65.00,-56.00,
-56.40,-56.00,
-55.00,-54.70,
-49.50,-54.70,
-45.00,-51.50,
-39.80,-51.50,
-35.00,-48.00,
-24.10,-48.00,
-20.00,-40.00,
-12.60,-40.00,
-12.00,-35.70,
-11.00,-33.40,
-10.00,-32.70,
-1.90,-32.70,
-1.50,-26.10,
-1.00,-23.00,
0.00,-23.00,
1.00,-23.00,
1.50,-26.10,
1.90,-32.70,
10.00,-32.70,
11.00,-33.40,
12.00,-35.70,
12.60,-40.00,
20.00,-40.00,
24.10,-48.00,
35.00,-48.00,
39.80,-51.50,
45.00,-51.50,
49.50,-54.70,
55.00,-54.70,
56.40,-56.00,
65.00,-56.00,
70.00,-56.80,
75.00,-63.40,
79.90,-67.30,
90.00,-67.30,
92.10,-69.00,
180.00,-69.00,
ENDFIL:,EOF
