REVNUM:,NSMA WG16.99.050
REVDAT:,19990520
ANTMAN:,ANDREW CORPORATION
MODNUM:,PDH8S-65
PATNUM:,1789
FEDORN:,NA
DESCR1:,
DESCR2:,Dual Beam Antenna, Difference; refer to RPE 1788 for Sum.
DESCR3:,
DESCR4:,
DESCR5:,
DTDATA:,19891101
LOWFRQ:,6425
HGHFRQ:,7125
GUNITS:,DBI/DBR
LWGAIN:,40.0
MDGAIN:,39.8
HGGAIN:,39.8
AZWIDT:,1.30
ELWIDT:,1.30
ATVSWR:,1.08
FRTOBA:,51.0
ELTILT:,0
PATTYP:,ENVELOPE
NOFREQ:,NA
PATFRE:,NA
NUMCUT:,2
PATCUT:,AZ
POLARI:,H/H
NUPOIN:,27
-180.00,-52.00,
-170.00,-52.00,
-170.00,-56.00,
-110.00,-56.00,
-100.00,-51.50,
-46.70,-51.50,
-40.00,-47.40,
-30.00,-47.40,
-15.00,-40.90,
-13.00,-40.00,
-10.00,-35.30,
-2.60,-35.30,
-1.30,-20.00,
0.00,-20.00,
1.30,-20.00,
2.60,-35.30,
10.00,-35.30,
13.00,-40.00,
15.00,-40.90,
30.00,-47.40,
40.00,-47.40,
46.70,-51.50,
100.00,-51.50,
110.00,-56.00,
170.00,-56.00,
170.00,-52.00,
180.00,-52.00,
PATCUT:,AZ
POLARI:,H/V
NUPOIN:,37
-180.00,-53.00,
-170.00,-53.00,
-170.00,-56.00,
-115.00,-56.00,
-105.00,-50.00,
-80.00,-50.00,
-75.00,-49.00,
-70.00,-49.00,
-60.00,-47.00,
-42.00,-47.00,
-37.00,-43.80,
-24.70,-43.80,
-20.00,-39.30,
-12.90,-39.30,
-11.50,-36.00,
-3.60,-36.00,
-2.30,-30.00,
-1.50,-18.00,
0.00,-18.00,
1.50,-18.00,
2.30,-30.00,
3.60,-36.00,
11.50,-36.00,
12.90,-39.30,
20.00,-39.30,
24.70,-43.80,
37.00,-43.80,
43.00,-47.00,
60.00,-47.00,
70.00,-49.00,
75.00,-49.00,
80.00,-50.00,
105.00,-50.00,
115.00,-56.00,
170.00,-56.00,
170.00,-53.00,
180.00,-53.00,
ENDFIL:,EOF
