REVNUM:,NSMA WG16.99.050
REVDAT:,19990520
ANTMAN:,ANDREW CORPORATION
MODNUM:,PDH6-65
PATNUM:,1778
FEDORN:,NA
DESCR1:,
DESCR2:,Dual Beam Antenna, Main; refer to RPE 1779 for Diversity.
DESCR3:,
DESCR4:,
DESCR5:,
DTDATA:,19891104
LOWFRQ:,6425
HGHFRQ:,7125
GUNITS:,DBI/DBR
LWGAIN:,39.4
MDGAIN:,39.7
HGGAIN:,40.0
AZWIDT:,1.90
ELWIDT:,1.90
ATVSWR:,1.08
FRTOBA:,46.0
ELTILT:,0
PATTYP:,ENVELOPE
NOFREQ:,NA
PATFRE:,NA
NUMCUT:,2
PATCUT:,AZ
POLARI:,H/H
NUPOIN:,59
-180.00,-46.00,
-170.00,-46.00,
-170.00,-48.30,
-160.00,-48.30,
-150.00,-46.50,
-126.10,-46.50,
-120.00,-44.80,
-110.00,-36.60,
-100.00,-34.10,
-33.30,-34.10,
-30.00,-29.30,
-25.00,-26.80,
-11.30,-26.80,
-11.00,-24.90,
-5.20,-24.90,
-5.00,-24.20,
-3.50,-24.20,
-3.50,-22.80,
-2.20,-22.80,
-2.11,-21.79,
-1.97,-18.61,
-1.82,-15.37,
-1.61,-11.71,
-1.36,-8.08,
-1.15,-5.76,
-0.91,-3.48,
-0.56,-1.36,
-0.41,-0.74,
-0.16,-0.11,
0.00,0.00,
0.16,-0.11,
0.41,-0.74,
0.56,-1.36,
0.91,-3.48,
1.16,-5.75,
1.36,-8.08,
1.61,-11.71,
1.81,-15.37,
1.97,-18.61,
2.11,-21.79,
2.20,-22.80,
3.50,-22.80,
3.50,-24.20,
5.00,-24.20,
5.20,-24.90,
11.00,-24.90,
11.30,-26.80,
25.00,-26.80,
30.00,-29.30,
33.30,-34.10,
100.00,-34.10,
110.00,-36.60,
120.00,-44.80,
126.10,-46.50,
150.00,-46.50,
160.00,-48.30,
170.00,-48.30,
170.00,-46.00,
180.00,-46.00,
PATCUT:,AZ
POLARI:,H/V
NUPOIN:,39
-180.00,-58.00,
-170.00,-58.00,
-170.00,-58.00,
-141.10,-58.00,
-140.00,-58.00,
-113.10,-58.00,
-110.00,-57.10,
-100.00,-49.90,
-65.90,-49.90,
-65.00,-48.80,
-38.00,-48.80,
-35.00,-47.60,
-30.00,-45.60,
-25.00,-43.50,
-19.00,-43.50,
-15.00,-38.40,
-14.00,-37.10,
-13.00,-33.60,
-12.00,-30.00,
0.00,-30.00,
12.00,-30.00,
13.00,-33.60,
14.00,-37.10,
15.00,-38.40,
19.00,-43.50,
25.00,-43.50,
30.00,-45.60,
35.00,-47.60,
38.00,-48.80,
65.00,-48.80,
65.90,-49.90,
100.00,-49.90,
110.00,-57.10,
113.10,-58.00,
140.00,-58.00,
141.10,-58.00,
170.00,-58.00,
170.00,-58.00,
180.00,-58.00,
ENDFIL:,EOF
