REVNUM:,NSMA WG16.99.050
REVDAT:,19990520
ANTMAN:,ANDREW CORPORATION
MODNUM:,LBX6-65
PATNUM:,4644
FEDORN:,NA
DESCR1:,
DESCR2:,
DESCR3:,
DESCR4:,
DESCR5:,
DTDATA:,20000726
LOWFRQ:,6425
HGHFRQ:,7125
GUNITS:,DBI/DBR
LWGAIN:,39.1
MDGAIN:,39.6
HGGAIN:,40.0
AZWIDT:,1.70
ELWIDT:,1.70
ATVSWR:,1.07
FRTOBA:,54.0
ELTILT:,0
PATTYP:,ENVELOPE
NOFREQ:,NA
PATFRE:,NA
NUMCUT:,4
PATCUT:,AZ
POLARI:,H/H
NUPOIN:,27
-180.00,-54.00,
-120.00,-54.00,
-100.00,-41.00,
-40.00,-41.00,
-25.00,-35.00,
-15.00,-35.00,
-4.50,-27.00,
-4.00,-21.00,
-2.50,-21.00,
-2.00,-10.00,
-1.50,-4.00,
-1.00,-2.00,
-0.60,-1.00,
0.00,-0.00,
0.60,-1.00,
1.00,-2.00,
1.50,-4.00,
2.00,-10.00,
2.50,-21.00,
4.00,-21.00,
4.50,-27.00,
15.00,-35.00,
25.00,-35.00,
40.00,-41.00,
100.00,-41.00,
120.00,-54.00,
180.00,-54.00,
PATCUT:,AZ
POLARI:,H/V
NUPOIN:,13
-180.00,-54.00,
-45.00,-54.00,
-30.00,-46.00,
-10.00,-46.00,
-5.00,-42.00,
-1.50,-33.00,
0.00,-33.00,
1.50,-33.00,
5.00,-42.00,
10.00,-46.00,
30.00,-46.00,
45.00,-54.00,
180.00,-54.00,
PATCUT:,AZ
POLARI:,V/V
NUPOIN:,27
-180.00,-54.00,
-120.00,-54.00,
-100.00,-42.00,
-40.00,-42.00,
-30.00,-37.00,
-15.00,-35.00,
-4.50,-27.00,
-4.00,-21.00,
-2.50,-21.00,
-2.00,-10.00,
-1.50,-4.00,
-1.00,-2.00,
-0.60,-1.00,
0.00,0.00,
0.60,-1.00,
1.00,-2.00,
1.50,-4.00,
2.00,-10.00,
2.50,-21.00,
4.00,-21.00,
4.50,-27.00,
15.00,-35.00,
30.00,-37.00,
40.00,-42.00,
100.00,-42.00,
120.00,-54.00,
180.00,-54.00,
PATCUT:,AZ
POLARI:,V/H
NUPOIN:,15
-180.00,-54.00,
-45.00,-54.00,
-30.00,-46.00,
-15.00,-46.00,
-10.00,-42.00,
-5.00,-42.00,
-1.50,-33.00,
0.00,-33.00,
1.50,-33.00,
5.00,-42.00,
10.00,-42.00,
15.00,-46.00,
30.00,-46.00,
45.00,-54.00,
180.00,-54.00,
ENDFIL:,EOF
