REVNUM:,NSMA WG16.99.050
REVDAT:,19990520
ANTMAN:,ANDREW CORPORATION
MODNUM:,HDV6-65
PATNUM:,1881
FEDORN:,NA
DESCR1:,
DESCR2:,Dual Beam Antenna, Diversity; refer to RPE 1880 for Main.
DESCR3:,
DESCR4:,
DESCR5:,
DTDATA:,19891104
LOWFRQ:,6425
HGHFRQ:,7125
GUNITS:,DBI/DBR
LWGAIN:,39.4
MDGAIN:,39.7
HGGAIN:,40.0
AZWIDT:,1.90
ELWIDT:,1.90
ATVSWR:,1.08
FRTOBA:,65.0
ELTILT:,0
PATTYP:,ENVELOPE
NOFREQ:,NA
PATFRE:,NA
NUMCUT:,2
PATCUT:,AZ
POLARI:,V/V
NUPOIN:,51
-180.00,-60.00,
-170.00,-60.00,
-170.00,-60.00,
-77.40,-60.00,
-75.00,-58.10,
-70.00,-54.80,
-65.00,-48.80,
-60.00,-48.80,
-55.00,-45.20,
-45.80,-45.20,
-45.00,-44.20,
-40.00,-44.20,
-35.00,-39.20,
-29.30,-39.20,
-25.00,-37.30,
-20.00,-34.50,
-14.40,-34.50,
-14.00,-31.30,
-10.60,-31.30,
-10.00,-25.90,
-6.40,-25.90,
-6.00,-22.50,
-3.10,-22.50,
-3.00,-21.40,
-2.00,-16.20,
0.00,-16.20,
2.00,-16.20,
3.00,-21.40,
3.10,-22.50,
6.00,-22.50,
6.40,-25.90,
10.00,-25.90,
10.60,-31.30,
14.00,-31.30,
14.40,-34.50,
20.00,-34.50,
25.00,-37.30,
29.30,-39.20,
35.00,-39.20,
40.00,-44.20,
45.00,-44.20,
45.80,-45.20,
55.00,-45.20,
60.00,-48.80,
65.00,-48.80,
70.00,-54.80,
75.00,-58.10,
77.40,-60.00,
170.00,-60.00,
170.00,-60.00,
180.00,-60.00,
PATCUT:,AZ
POLARI:,V/H
NUPOIN:,53
-180.00,-63.00,
-170.00,-63.00,
-170.00,-63.00,
-155.70,-63.00,
-150.00,-63.00,
-87.30,-63.00,
-80.00,-61.70,
-75.00,-60.10,
-69.10,-60.10,
-65.00,-55.00,
-53.20,-55.00,
-50.00,-49.30,
-45.00,-48.70,
-31.30,-48.70,
-30.00,-46.40,
-22.10,-46.40,
-20.00,-40.70,
-11.40,-40.70,
-11.00,-39.90,
-7.00,-39.90,
-6.00,-37.00,
-5.00,-37.00,
-4.00,-33.30,
-2.90,-33.30,
-2.00,-24.50,
-1.50,-23.00,
0.00,-23.00,
1.50,-23.00,
2.00,-24.50,
2.90,-33.30,
4.00,-33.30,
5.00,-37.00,
6.00,-37.00,
7.00,-39.90,
11.00,-39.90,
11.40,-40.70,
20.00,-40.70,
22.10,-46.40,
30.00,-46.40,
31.30,-48.70,
45.00,-48.70,
50.00,-49.30,
53.20,-55.00,
65.00,-55.00,
69.10,-60.10,
75.00,-60.10,
80.00,-61.70,
87.30,-63.00,
150.00,-63.00,
155.70,-63.00,
170.00,-63.00,
170.00,-63.00,
180.00,-63.00,
ENDFIL:,EOF
