REVNUM:,NSMA WG16.99.050
REVDAT:,19990520
ANTMAN:,ANDREW CORPORATION
MODNUM:,PDH12-65
PATNUM:,1743
FEDORN:,NA
DESCR1:,
DESCR2:,Dual Beam Antenna, Main; refer to RPE 1744 for Diversity.
DESCR3:,
DESCR4:,
DESCR5:,
DTDATA:,19890705
LOWFRQ:,6425
HGHFRQ:,7125
GUNITS:,DBI/DBR
LWGAIN:,45.0
MDGAIN:,45.3
HGGAIN:,45.6
AZWIDT:,0.90
ELWIDT:,0.90
ATVSWR:,1.06
FRTOBA:,53.0
ELTILT:,0
PATTYP:,ENVELOPE
NOFREQ:,NA
PATFRE:,NA
NUMCUT:,2
PATCUT:,AZ
POLARI:,H/H
NUPOIN:,71
-180.00,-60.00,
-170.00,-60.00,
-170.00,-62.00,
-140.00,-62.00,
-130.00,-60.90,
-120.00,-57.70,
-110.00,-52.40,
-100.00,-44.50,
-51.70,-44.50,
-50.00,-43.70,
-45.00,-39.50,
-20.90,-39.50,
-20.00,-38.80,
-15.00,-32.00,
-14.00,-30.20,
-13.00,-29.10,
-10.00,-29.10,
-10.00,-27.10,
-9.00,-26.90,
-8.00,-26.70,
-7.00,-26.00,
-5.00,-26.00,
-1.70,-25.60,
-1.70,-25.30,
-1.54,-24.00,
-1.39,-20.75,
-1.19,-17.21,
-1.03,-14.05,
-0.89,-10.55,
-0.79,-8.32,
-0.69,-6.29,
-0.55,-3.81,
-0.40,-1.95,
-0.30,-1.06,
-0.20,-0.44,
0.00,0.00,
0.00,0.00,
0.21,-0.65,
0.31,-1.36,
0.51,-3.70,
0.66,-6.25,
0.75,-8.32,
0.89,-11.90,
1.04,-15.40,
1.24,-18.86,
1.44,-22.18,
1.54,-24.00,
1.70,-25.30,
1.70,-25.60,
5.00,-26.00,
7.00,-26.00,
8.00,-26.70,
9.00,-26.90,
10.00,-27.10,
10.00,-29.10,
13.00,-29.10,
14.00,-30.20,
15.00,-32.00,
20.00,-38.80,
20.90,-39.50,
45.00,-39.50,
50.00,-43.70,
51.70,-44.50,
100.00,-44.50,
110.00,-52.40,
120.00,-57.70,
130.00,-60.90,
140.00,-62.00,
170.00,-62.00,
170.00,-60.00,
180.00,-60.00,
PATCUT:,AZ
POLARI:,H/V
NUPOIN:,59
-180.00,-63.00,
-170.00,-63.00,
-170.00,-66.40,
-117.50,-66.40,
-110.00,-64.90,
-100.00,-60.30,
-90.00,-59.60,
-80.00,-58.90,
-64.70,-58.90,
-60.00,-57.80,
-55.00,-56.80,
-50.00,-55.70,
-45.00,-54.50,
-40.00,-53.40,
-35.00,-52.40,
-30.00,-51.50,
-25.00,-50.90,
-20.00,-50.20,
-15.00,-48.40,
-12.80,-48.40,
-12.00,-47.60,
-11.00,-46.40,
-10.00,-45.30,
-9.00,-42.00,
-8.00,-35.30,
-7.00,-34.90,
-6.00,-34.50,
-1.30,-34.50,
-1.00,-30.00,
0.00,-30.00,
1.00,-30.00,
1.30,-34.50,
6.00,-34.50,
7.00,-34.90,
8.00,-35.30,
9.00,-42.00,
10.00,-45.30,
11.00,-46.40,
12.00,-47.60,
12.80,-48.40,
15.00,-48.40,
20.00,-50.20,
25.00,-50.90,
30.00,-51.50,
35.00,-52.40,
40.00,-53.40,
45.00,-54.50,
50.00,-55.70,
55.00,-56.80,
60.00,-57.80,
64.70,-58.90,
80.00,-58.90,
90.00,-59.60,
100.00,-60.30,
110.00,-64.90,
117.50,-66.40,
170.00,-66.40,
170.00,-63.00,
180.00,-63.00,
ENDFIL:,EOF
