REVNUM:,NSMA WG16.99.050
REVDAT:,19990520
ANTMAN:,ANDREW CORPORATION
MODNUM:,HP12-65
PATNUM:,2691E
FEDORN:,NA
DESCR1:,
DESCR2:,
DESCR3:,
DESCR4:,
DESCR5:,
DTDATA:,19740528
LOWFRQ:,6425
HGHFRQ:,7125
GUNITS:,DBI/DBR
LWGAIN:,45.2
MDGAIN:,45.6
HGGAIN:,46.1
AZWIDT:,0.80
ELWIDT:,0.80
ATVSWR:,1.06
FRTOBA:,71.0
ELTILT:,0
PATTYP:,ENVELOPE
NOFREQ:,NA
PATFRE:,NA
NUMCUT:,4
PATCUT:,AZ
POLARI:,H/H
NUPOIN:,19
-180.00,-71.00,
-100.00,-71.00,
-80.00,-47.00,
-30.00,-47.00,
-15.00,-42.10,
-3.00,-24.00,
-1.50,-24.00,
-1.00,-5.00,
-0.50,-1.30,
0.00,0.00,
0.50,-1.30,
1.00,-5.00,
1.50,-24.00,
3.00,-24.00,
15.00,-42.10,
30.00,-47.00,
80.00,-47.00,
100.00,-71.00,
180.00,-71.00,
PATCUT:,AZ
POLARI:,H/V
NUPOIN:,15
-180.00,-71.00,
-100.00,-71.00,
-80.00,-56.00,
-10.00,-56.00,
-5.90,-39.00,
-3.50,-39.00,
-3.10,-30.00,
0.00,-30.00,
3.10,-30.00,
3.50,-39.00,
5.90,-39.00,
10.00,-56.00,
80.00,-56.00,
100.00,-71.00,
180.00,-71.00,
PATCUT:,AZ
POLARI:,V/V
NUPOIN:,27
-180.00,-71.00,
-100.00,-71.00,
-80.00,-47.00,
-25.00,-47.00,
-19.00,-38.00,
-15.00,-38.00,
-7.00,-26.00,
-5.00,-26.00,
-5.00,-24.30,
-3.50,-23.00,
-1.50,-23.00,
-1.00,-5.00,
-0.50,-1.30,
0.00,0.00,
0.50,-1.30,
1.00,-5.00,
1.50,-23.00,
3.50,-23.00,
5.00,-24.30,
5.00,-26.00,
7.00,-26.00,
15.00,-38.00,
19.00,-38.00,
25.00,-47.00,
80.00,-47.00,
100.00,-71.00,
180.00,-71.00,
PATCUT:,AZ
POLARI:,V/H
NUPOIN:,19
-180.00,-71.00,
-100.00,-71.00,
-80.00,-56.00,
-25.00,-56.00,
-15.00,-54.00,
-10.00,-51.00,
-8.20,-44.00,
-5.00,-44.00,
-3.10,-30.00,
0.00,-30.00,
3.10,-30.00,
5.00,-44.00,
8.20,-44.00,
10.00,-51.00,
15.00,-54.00,
25.00,-56.00,
80.00,-56.00,
100.00,-71.00,
180.00,-71.00,
ENDFIL:,EOF
