REVNUM:,NSMA WG16.99.050
REVDAT:,19990520
ANTMAN:,ANDREW CORPORATION
MODNUM:,PDV8S-65
PATNUM:,1784
FEDORN:,NA
DESCR1:,
DESCR2:,Dual Beam Antenna, Sum; refer to RPE 1785 for Difference.
DESCR3:,
DESCR4:,
DESCR5:,
DTDATA:,19891031
LOWFRQ:,6425
HGHFRQ:,7125
GUNITS:,DBI/DBR
LWGAIN:,40.0
MDGAIN:,39.8
HGGAIN:,39.8
AZWIDT:,1.30
ELWIDT:,1.30
ATVSWR:,1.08
FRTOBA:,57.0
ELTILT:,0
PATTYP:,ENVELOPE
NOFREQ:,NA
PATFRE:,NA
NUMCUT:,2
PATCUT:,AZ
POLARI:,V/V
NUPOIN:,43
-180.00,-57.00,
-140.00,-57.00,
-123.00,-52.00,
-110.00,-35.00,
-42.20,-35.00,
-37.00,-31.00,
-25.00,-31.00,
-17.00,-23.50,
-8.20,-23.50,
-4.00,-17.80,
-2.30,-17.80,
-1.90,-13.00,
-1.10,-13.00,
-1.00,-10.00,
-0.80,-6.30,
-0.60,-3.60,
-0.50,-2.30,
-0.40,-1.50,
-0.30,-0.80,
-0.20,-0.40,
-0.10,-0.20,
0.00,0.00,
0.10,-0.20,
0.20,-0.40,
0.30,-0.80,
0.40,-1.50,
0.50,-2.30,
0.60,-3.60,
0.80,-6.30,
1.00,-10.00,
1.10,-13.00,
1.90,-13.00,
2.30,-17.80,
4.00,-17.80,
8.20,-23.50,
17.00,-23.50,
25.00,-31.00,
37.00,-31.00,
42.20,-35.00,
110.00,-35.00,
123.00,-52.00,
140.00,-57.00,
180.00,-57.00,
PATCUT:,AZ
POLARI:,V/H
NUPOIN:,25
-180.00,-58.00,
-170.00,-58.00,
-170.00,-60.00,
-115.00,-60.00,
-105.00,-53.00,
-14.00,-53.00,
-13.00,-47.00,
-12.00,-47.00,
-11.00,-43.10,
-3.00,-43.10,
-2.00,-37.00,
-1.40,-30.00,
0.00,-30.00,
1.40,-30.00,
2.00,-37.00,
3.00,-43.10,
11.00,-43.10,
12.00,-47.00,
13.00,-47.00,
14.00,-53.00,
105.00,-53.00,
115.00,-60.00,
170.00,-60.00,
170.00,-58.00,
180.00,-58.00,
ENDFIL:,EOF
