REVNUM:,NSMA WG16.99.050
REVDAT:,19990520
ANTMAN:,ANDREW CORPORATION
MODNUM:,PDV10-65
PATNUM:,1790
FEDORN:,NA
DESCR1:,
DESCR2:,Dual Beam Antenna, Main; refer to RPE 1791 for Diversity.
DESCR3:,
DESCR4:,
DESCR5:,
DTDATA:,19891001
LOWFRQ:,6425
HGHFRQ:,7125
GUNITS:,DBI/DBR
LWGAIN:,43.6
MDGAIN:,43.9
HGGAIN:,44.2
AZWIDT:,1.20
ELWIDT:,1.20
ATVSWR:,1.06
FRTOBA:,60.0
ELTILT:,0
PATTYP:,ENVELOPE
NOFREQ:,NA
PATFRE:,NA
NUMCUT:,2
PATCUT:,AZ
POLARI:,V/V
NUPOIN:,57
-180.00,-60.00,
-170.00,-60.00,
-170.00,-64.00,
-115.00,-64.00,
-100.00,-46.00,
-50.00,-46.00,
-37.00,-38.50,
-22.60,-38.50,
-17.00,-33.00,
-12.00,-33.00,
-11.00,-31.00,
-8.00,-31.00,
-4.00,-26.10,
-3.00,-25.20,
-2.10,-25.20,
-1.80,-22.30,
-1.40,-18.00,
-1.10,-12.50,
-1.00,-10.30,
-0.90,-8.30,
-0.80,-6.60,
-0.70,-5.20,
-0.60,-3.70,
-0.50,-2.60,
-0.40,-1.70,
-0.30,-1.00,
-0.20,-0.40,
-0.10,-0.10,
0.00,0.00,
0.10,-0.10,
0.20,-0.40,
0.30,-1.00,
0.40,-1.70,
0.50,-2.60,
0.60,-3.70,
0.70,-5.20,
0.80,-6.60,
0.90,-8.30,
1.00,-10.30,
1.10,-12.50,
1.40,-18.00,
1.80,-22.30,
2.10,-25.20,
3.00,-25.20,
4.00,-26.10,
8.00,-31.00,
11.00,-31.00,
15.00,-33.00,
17.00,-33.00,
22.60,-38.50,
35.00,-38.50,
50.00,-46.00,
100.00,-46.00,
115.00,-66.00,
170.00,-66.00,
170.00,-60.00,
180.00,-60.00,
PATCUT:,AZ
POLARI:,V/H
NUPOIN:,31
-180.00,-61.00,
-170.00,-61.00,
-170.00,-67.80,
-110.00,-67.80,
-100.00,-57.00,
-45.00,-57.00,
-40.00,-53.00,
-30.00,-53.00,
-25.00,-51.10,
-15.00,-41.00,
-12.50,-41.00,
-11.00,-36.50,
-2.90,-36.50,
-1.50,-34.10,
-1.00,-30.00,
0.00,-30.00,
1.00,-30.00,
1.50,-34.10,
2.90,-36.50,
11.00,-36.50,
12.50,-41.00,
15.00,-41.00,
25.00,-51.10,
30.00,-53.00,
40.00,-53.00,
45.00,-57.00,
100.00,-57.00,
110.00,-67.80,
170.00,-67.80,
170.00,-64.50,
180.00,-64.50,
ENDFIL:,EOF
