REVNUM:,NSMA WG16.99.050
REVDAT:,19990520
ANTMAN:,ANDREW CORPORATION
MODNUM:,PDH8-65
PATNUM:,1786
FEDORN:,NA
DESCR1:,
DESCR2:,Dual Beam Antenna, Main; refer to RPE 1787 for Diversity.
DESCR3:,
DESCR4:,
DESCR5:,
DTDATA:,19891101
LOWFRQ:,6425
HGHFRQ:,7125
GUNITS:,DBI/DBR
LWGAIN:,42.1
MDGAIN:,42.4
HGGAIN:,42.7
AZWIDT:,1.50
ELWIDT:,1.50
ATVSWR:,1.06
FRTOBA:,55.0
ELTILT:,0
PATTYP:,ENVELOPE
NOFREQ:,NA
PATFRE:,NA
NUMCUT:,2
PATCUT:,AZ
POLARI:,H/H
NUPOIN:,61
-180.00,-55.00,
-170.00,-55.00,
-170.00,-56.00,
-135.00,-56.00,
-110.00,-40.00,
-45.00,-40.00,
-40.00,-36.00,
-30.00,-36.00,
-25.00,-32.00,
-20.00,-32.00,
-19.00,-29.00,
-13.80,-29.00,
-13.00,-28.00,
-11.50,-28.00,
-10.00,-26.00,
-5.00,-26.00,
-4.00,-24.00,
-2.00,-24.00,
-1.50,-22.00,
-1.40,-18.00,
-1.20,-12.00,
-1.10,-9.80,
-1.00,-7.90,
-0.90,-6.30,
-0.70,-3.80,
-0.50,-1.90,
-0.40,-1.20,
-0.30,-0.70,
-0.20,-0.40,
-0.10,-0.20,
0.00,0.00,
0.10,-0.20,
0.20,-0.40,
0.30,-0.70,
0.40,-1.20,
0.50,-1.90,
0.70,-3.80,
0.90,-6.30,
1.00,-7.90,
1.10,-9.80,
1.20,-12.00,
1.40,-18.00,
1.50,-22.00,
2.00,-24.00,
4.00,-24.00,
5.00,-26.00,
10.00,-26.00,
11.50,-28.00,
13.00,-28.00,
13.80,-29.00,
19.00,-29.00,
20.00,-32.00,
25.00,-32.00,
30.00,-36.00,
40.00,-36.00,
45.00,-40.00,
110.00,-40.00,
135.00,-56.00,
170.00,-56.00,
170.00,-55.00,
180.00,-55.00,
PATCUT:,AZ
POLARI:,H/V
NUPOIN:,27
-180.00,-58.00,
-170.00,-58.00,
-170.00,-60.00,
-115.00,-60.00,
-105.00,-54.00,
-70.00,-54.00,
-65.00,-51.00,
-43.00,-51.00,
-35.00,-47.50,
-23.50,-47.50,
-20.00,-43.60,
-13.20,-43.60,
-11.50,-30.00,
0.00,-30.00,
11.50,-30.00,
13.20,-43.60,
20.00,-43.60,
23.50,-47.50,
35.00,-47.50,
42.00,-51.00,
65.00,-51.00,
70.00,-54.00,
105.00,-54.00,
115.00,-60.00,
170.00,-60.00,
170.00,-58.00,
180.00,-58.00,
ENDFIL:,EOF
