REVNUM:,NSMA WG16.99.050
REVDAT:,19990520
ANTMAN:,ANDREW CORPORATION
MODNUM:,HDH6-65
PATNUM:,1885
FEDORN:,NA
DESCR1:,
DESCR2:,Dual Beam Antenna, Diverstity; refer to RPE 1884 for Main.
DESCR3:,
DESCR4:,
DESCR5:,
DTDATA:,19891105
LOWFRQ:,6425
HGHFRQ:,7125
GUNITS:,DBI/DBR
LWGAIN:,39.4
MDGAIN:,39.7
HGGAIN:,40.0
AZWIDT:,1.90
ELWIDT:,1.90
ATVSWR:,1.08
FRTOBA:,60.0
ELTILT:,0
PATTYP:,ENVELOPE
NOFREQ:,NA
PATFRE:,NA
NUMCUT:,2
PATCUT:,AZ
POLARI:,H/H
NUPOIN:,57
-180.00,-63.00,
-170.00,-63.00,
-170.00,-63.00,
-160.00,-63.00,
-93.90,-63.00,
-90.00,-61.20,
-80.00,-57.40,
-75.00,-55.60,
-70.00,-52.70,
-65.00,-51.60,
-60.00,-42.10,
-48.70,-42.10,
-45.00,-40.80,
-34.20,-40.80,
-30.00,-37.20,
-25.00,-35.20,
-18.00,-35.20,
-15.00,-31.30,
-11.20,-31.30,
-11.00,-29.60,
-9.60,-29.60,
-9.00,-27.30,
-4.20,-27.30,
-4.00,-27.00,
-3.00,-22.10,
-2.00,-17.30,
-1.50,-14.60,
-1.00,-14.40,
0.00,-14.40,
1.00,-14.40,
1.50,-14.60,
2.00,-17.30,
3.00,-22.10,
4.00,-27.00,
4.20,-27.30,
9.00,-27.30,
9.60,-29.60,
11.00,-29.60,
11.20,-31.30,
15.00,-31.30,
18.00,-35.20,
25.00,-35.20,
30.00,-37.20,
34.20,-40.80,
45.00,-40.80,
48.70,-42.10,
60.00,-42.10,
65.00,-51.60,
70.00,-52.70,
75.00,-55.60,
80.00,-57.40,
90.00,-61.20,
93.90,-63.00,
160.00,-63.00,
170.00,-63.00,
170.00,-63.00,
180.00,-63.00,
PATCUT:,AZ
POLARI:,H/V
NUPOIN:,51
-180.00,-67.00,
-170.00,-67.00,
-170.00,-67.00,
-160.00,-67.00,
-132.20,-67.00,
-130.00,-66.40,
-97.60,-66.40,
-90.00,-62.30,
-79.50,-62.30,
-75.00,-57.90,
-70.00,-57.90,
-65.00,-51.80,
-59.20,-51.80,
-55.00,-49.90,
-37.90,-49.90,
-35.00,-46.30,
-30.00,-45.90,
-21.90,-45.90,
-20.00,-45.20,
-15.00,-37.30,
-13.80,-37.30,
-13.00,-32.30,
-2.70,-32.30,
-2.00,-25.50,
-1.50,-25.00,
0.00,-25.00,
1.50,-25.00,
2.00,-25.50,
2.70,-32.30,
13.00,-32.30,
13.80,-37.30,
15.00,-37.30,
20.00,-45.20,
21.90,-45.90,
30.00,-45.90,
35.00,-46.30,
37.90,-49.90,
55.00,-49.90,
59.20,-51.80,
65.00,-51.80,
70.00,-57.90,
75.00,-57.90,
79.50,-62.30,
90.00,-62.30,
97.60,-66.40,
130.00,-66.40,
132.20,-67.00,
160.00,-67.00,
170.00,-67.00,
170.00,-67.00,
180.00,-67.00,
ENDFIL:,EOF
