REVNUM:,NSMA WG16.99.050
REVDAT:,19990520
ANTMAN:,ANDREW CORPORATION
MODNUM:,UMX10-465
PATNUM:,4361
FEDORN:,LEFT 
DESCR1:,
DESCR2:,
DESCR3:,
DESCR4:,
DESCR5:,
DTDATA:,19980302
LOWFRQ:,6425
HGHFRQ:,7125
GUNITS:,DBI/DBR
LWGAIN:,42.2
MDGAIN:,42.7
HGGAIN:,42.8
AZWIDT:,1.00
ELWIDT:,1.00
ATVSWR:,1.15
FRTOBA:,76.0
ELTILT:,0
PATTYP:,ENVELOPE
NOFREQ:,NA
PATFRE:,NA
NUMCUT:,4
PATCUT:,AZ
POLARI:,H/H
NUPOIN:,26
-180.00,-76.00,
-88.00,-76.00,
-80.00,-67.00,
-68.00,-62.00,
-40.00,-53.00,
-26.00,-49.00,
-24.00,-48.00,
-15.00,-42.00,
-6.19,-31.12,
-3.00,-20.00,
-1.60,-20.00,
-0.70,-3.50,
-0.20,-0.08,
0.00,0.00,
0.20,-0.08,
0.70,-3.50,
1.60,-20.00,
2.50,-20.00,
6.16,-30.31,
15.00,-35.00,
30.00,-44.00,
40.00,-49.00,
60.00,-59.00,
76.00,-62.00,
89.00,-76.00,
180.00,-76.00,
PATCUT:,AZ
POLARI:,H/V
NUPOIN:,17
-180.00,-76.00,
-82.00,-76.00,
-60.00,-65.00,
-40.00,-62.00,
-24.00,-62.00,
-20.00,-56.00,
-15.00,-54.00,
-4.00,-50.00,
-1.40,-30.00,
1.10,-30.00,
3.20,-46.00,
15.00,-46.00,
20.00,-48.00,
25.00,-60.00,
53.00,-65.00,
83.00,-76.00,
180.00,-76.00,
PATCUT:,AZ
POLARI:,V/V
NUPOIN:,30
-180.00,-76.00,
-78.00,-76.00,
-74.00,-68.00,
-70.00,-64.00,
-60.00,-64.00,
-56.00,-58.00,
-45.00,-57.00,
-40.00,-54.00,
-22.00,-46.00,
-16.50,-45.00,
-15.00,-40.00,
-4.80,-30.00,
-3.00,-20.00,
-1.59,-20.05,
-0.70,-3.50,
-0.20,-0.08,
0.00,0.00,
0.20,-0.08,
0.70,-3.50,
1.70,-20.00,
2.50,-20.00,
4.30,-27.00,
15.00,-35.00,
22.00,-40.00,
29.00,-49.00,
44.00,-51.00,
53.00,-55.00,
76.00,-66.00,
94.00,-76.00,
180.00,-76.00,
PATCUT:,AZ
POLARI:,V/H
NUPOIN:,17
-180.00,-76.00,
-84.00,-76.00,
-72.00,-72.00,
-66.00,-67.00,
-40.00,-63.00,
-33.00,-60.00,
-15.00,-53.00,
-3.70,-49.00,
-1.50,-30.00,
1.00,-30.00,
3.60,-49.00,
15.00,-49.00,
28.00,-56.00,
52.00,-64.00,
75.00,-72.00,
83.00,-76.00,
180.00,-76.00,
ENDFIL:,EOF
