REVNUM:,NSMA WG16.99.050
REVDAT:,19990520
ANTMAN:,ANDREW CORPORATION
MODNUM:,PDV6-65
PATNUM:,1775
FEDORN:,NA
DESCR1:,
DESCR2:,Dual Beam Antenna, Diversity; refer to RPE 1774 for Main.
DESCR3:,
DESCR4:,
DESCR5:,
DTDATA:,19891106
LOWFRQ:,6425
HGHFRQ:,7125
GUNITS:,DBI/DBR
LWGAIN:,39.4
MDGAIN:,39.7
HGGAIN:,40.0
AZWIDT:,1.90
ELWIDT:,1.90
ATVSWR:,1.08
FRTOBA:,54.0
ELTILT:,0
PATTYP:,ENVELOPE
NOFREQ:,NA
PATFRE:,NA
NUMCUT:,2
PATCUT:,AZ
POLARI:,V/V
NUPOIN:,37
-180.00,-55.00,
-170.00,-55.00,
-170.00,-55.00,
-138.10,-55.00,
-130.00,-48.80,
-119.50,-48.80,
-110.00,-39.60,
-100.00,-36.20,
-36.40,-36.20,
-35.00,-33.60,
-29.10,-33.60,
-25.00,-28.10,
-6.50,-28.10,
-6.00,-26.70,
-5.00,-24.30,
-2.50,-24.30,
-2.00,-17.70,
-1.50,-17.60,
0.00,-17.60,
1.50,-17.60,
2.00,-17.70,
2.50,-24.30,
5.00,-24.30,
6.00,-26.70,
6.50,-28.10,
25.00,-28.10,
29.10,-33.60,
35.00,-33.60,
36.40,-36.20,
100.00,-36.20,
110.00,-39.60,
119.50,-48.80,
130.00,-48.80,
138.10,-55.00,
170.00,-55.00,
170.00,-55.00,
180.00,-55.00,
PATCUT:,AZ
POLARI:,V/H
NUPOIN:,31
-180.00,-56.00,
-170.00,-56.00,
-170.00,-56.00,
-160.00,-56.00,
-125.80,-56.00,
-120.00,-52.30,
-110.00,-49.80,
-100.00,-48.10,
-37.40,-48.10,
-35.00,-45.90,
-26.00,-45.90,
-20.00,-36.00,
-2.90,-36.00,
-2.00,-24.60,
-1.50,-21.00,
0.00,-21.00,
1.50,-21.00,
2.00,-24.60,
2.90,-36.00,
20.00,-36.00,
26.00,-45.90,
35.00,-45.90,
37.40,-48.10,
100.00,-48.10,
110.00,-49.80,
120.00,-52.30,
125.80,-56.00,
160.00,-56.00,
170.00,-56.00,
170.00,-56.00,
180.00,-56.00,
ENDFIL:,EOF
