REVNUM:,NSMA WG16.99.050
REVDAT:,19990520
ANTMAN:,ANDREW CORPORATION
MODNUM:,HDV6-65
PATNUM:,1880
FEDORN:,NA
DESCR1:,
DESCR2:,Dual Beam Antenna, Main; refer to RPE 1881 for Diversity.
DESCR3:,
DESCR4:,
DESCR5:,
DTDATA:,19891104
LOWFRQ:,6425
HGHFRQ:,7125
GUNITS:,DBI/DBR
LWGAIN:,39.4
MDGAIN:,39.7
HGGAIN:,40.0
AZWIDT:,1.90
ELWIDT:,1.90
ATVSWR:,1.08
FRTOBA:,65.0
ELTILT:,0
PATTYP:,ENVELOPE
NOFREQ:,NA
PATFRE:,NA
NUMCUT:,2
PATCUT:,AZ
POLARI:,V/V
NUPOIN:,75
-180.00,-65.00,
-170.00,-65.00,
-170.00,-65.00,
-92.30,-65.00,
-90.00,-63.80,
-80.00,-62.80,
-75.00,-60.20,
-70.00,-54.00,
-65.00,-51.50,
-60.00,-50.60,
-55.00,-44.70,
-45.90,-44.70,
-45.00,-43.30,
-40.00,-41.30,
-34.20,-41.30,
-30.00,-38.30,
-24.00,-38.30,
-20.00,-33.20,
-13.80,-33.20,
-13.00,-30.90,
-10.50,-30.90,
-10.00,-27.80,
-7.40,-27.80,
-7.00,-24.10,
-3.60,-24.10,
-3.30,-22.20,
-2.09,-22.20,
-2.06,-21.02,
-1.91,-16.72,
-1.71,-12.55,
-1.46,-8.70,
-1.26,-6.33,
-1.01,-4.04,
-0.67,-1.80,
-0.52,-1.13,
-0.37,-0.63,
-0.16,-0.18,
0.00,0.00,
0.16,-0.18,
0.37,-0.63,
0.52,-1.13,
0.67,-1.80,
1.01,-4.04,
1.26,-6.33,
1.46,-8.70,
1.71,-12.55,
1.91,-16.72,
2.06,-21.02,
2.08,-22.20,
3.30,-22.20,
3.60,-24.10,
7.00,-24.10,
7.40,-27.80,
10.00,-27.80,
10.50,-30.90,
13.00,-30.90,
13.80,-33.20,
20.00,-33.20,
24.00,-38.30,
30.00,-38.30,
34.20,-41.30,
40.00,-41.30,
45.00,-43.30,
45.90,-44.70,
55.00,-44.70,
60.00,-50.60,
65.00,-51.50,
70.00,-54.00,
75.00,-60.20,
80.00,-62.80,
90.00,-63.80,
92.30,-65.00,
170.00,-65.00,
170.00,-65.00,
180.00,-65.00,
PATCUT:,AZ
POLARI:,V/H
NUPOIN:,47
-180.00,-65.00,
-170.00,-65.00,
-170.00,-65.00,
-160.00,-65.00,
-87.20,-65.00,
-80.00,-61.80,
-75.00,-59.80,
-70.00,-57.60,
-65.00,-55.00,
-50.70,-55.00,
-50.00,-54.10,
-45.00,-52.30,
-40.00,-49.90,
-35.00,-49.80,
-30.00,-46.10,
-22.40,-46.10,
-20.00,-40.90,
-7.30,-40.90,
-7.00,-39.00,
-3.60,-39.00,
-3.00,-31.10,
-2.00,-29.90,
-1.50,-29.00,
0.00,-29.00,
1.50,-29.00,
2.00,-29.90,
3.00,-31.10,
3.60,-39.00,
7.00,-39.00,
7.30,-40.90,
20.00,-40.90,
22.40,-46.10,
30.00,-46.10,
35.00,-49.80,
40.00,-49.90,
45.00,-52.30,
50.00,-54.10,
50.70,-55.00,
65.00,-55.00,
70.00,-57.60,
75.00,-59.80,
80.00,-61.80,
87.20,-65.00,
160.00,-65.00,
170.00,-65.00,
170.00,-65.00,
180.00,-65.00,
ENDFIL:,EOF
