REVNUM:,NSMA WG16.99.050
REVDAT:,19990520
ANTMAN:,ANDREW CORPORATION
MODNUM:,HDV10-65
PATNUM:,1896
FEDORN:,NA
DESCR1:,
DESCR2:,Dual Beam Antenna, Main; refer to RPE 1897 for Diversity.
DESCR3:,
DESCR4:,
DESCR5:,
DTDATA:,19891102
LOWFRQ:,6425
HGHFRQ:,7125
GUNITS:,DBI/DBR
LWGAIN:,43.6
MDGAIN:,43.9
HGGAIN:,44.2
AZWIDT:,1.20
ELWIDT:,1.20
ATVSWR:,1.06
FRTOBA:,66.0
ELTILT:,0
PATTYP:,ENVELOPE
NOFREQ:,NA
PATFRE:,NA
NUMCUT:,2
PATCUT:,AZ
POLARI:,V/V
NUPOIN:,57
-180.00,-66.00,
-88.70,-66.00,
-80.00,-61.10,
-75.00,-55.50,
-70.00,-49.40,
-57.70,-49.40,
-55.00,-45.50,
-47.20,-45.50,
-45.00,-42.00,
-30.00,-42.00,
-28.00,-39.20,
-25.00,-39.20,
-23.00,-34.00,
-20.00,-34.00,
-19.50,-32.70,
-8.50,-32.70,
-8.00,-29.30,
-6.40,-29.30,
-6.00,-28.40,
-1.70,-28.40,
-1.60,-26.00,
-1.40,-19.80,
-1.20,-13.40,
-1.00,-8.20,
-0.80,-5.60,
-0.60,-2.70,
-0.40,-1.30,
-0.20,-0.20,
0.00,0.00,
0.20,-0.20,
0.40,-1.30,
0.60,-2.70,
0.80,-5.60,
1.00,-8.20,
1.20,-13.40,
1.40,-19.80,
1.60,-26.00,
1.70,-28.40,
6.00,-28.40,
6.40,-29.30,
8.00,-29.30,
8.50,-32.70,
19.50,-32.70,
20.00,-34.00,
23.00,-34.00,
25.00,-39.20,
28.00,-39.20,
30.00,-42.00,
45.00,-42.00,
47.20,-45.50,
55.00,-45.50,
57.70,-49.40,
70.00,-49.40,
75.00,-55.50,
80.00,-61.10,
88.70,-66.00,
180.00,-66.00,
PATCUT:,AZ
POLARI:,V/H
NUPOIN:,55
-180.00,-68.00,
-170.00,-68.00,
-170.00,-68.90,
-136.20,-68.90,
-130.00,-67.30,
-84.40,-67.30,
-80.00,-62.20,
-74.30,-62.20,
-70.00,-55.90,
-60.70,-55.90,
-60.00,-55.70,
-51.70,-55.70,
-50.00,-54.50,
-44.20,-54.50,
-40.00,-48.80,
-32.20,-48.80,
-30.00,-47.80,
-22.50,-47.80,
-20.00,-43.00,
-15.00,-40.80,
-11.70,-40.80,
-11.00,-37.20,
-3.10,-37.20,
-3.00,-36.70,
-1.60,-36.70,
-1.50,-35.50,
-1.00,-30.00,
0.00,-30.00,
1.00,-30.00,
1.50,-35.50,
1.60,-36.70,
3.00,-36.70,
3.10,-37.20,
11.00,-37.20,
11.70,-40.80,
15.00,-40.80,
20.00,-43.00,
22.50,-47.80,
30.00,-47.80,
32.20,-48.80,
40.00,-48.80,
44.20,-54.50,
50.00,-54.50,
51.70,-55.70,
60.00,-55.70,
60.70,-55.90,
70.00,-55.90,
74.30,-62.20,
80.00,-62.20,
84.40,-67.30,
130.00,-67.30,
136.20,-68.90,
170.00,-68.90,
170.00,-68.00,
180.00,-68.00,
ENDFIL:,EOF
