REVNUM:,NSMA WG16.99.050
REVDAT:,19990520
ANTMAN:,ANDREW CORPORATION
MODNUM:,FP6-64
PATNUM:,6117A
FEDORN:,NA
DESCR1:,
DESCR2:,
DESCR3:,
DESCR4:,
DESCR5:,
DTDATA:,20000829
LOWFRQ:,6425
HGHFRQ:,7125
GUNITS:,DBI/DBR
LWGAIN:,38.2
MDGAIN:,38.6
HGGAIN:,38.8
AZWIDT:,1.80
ELWIDT:,1.80
ATVSWR:,1.07
FRTOBA:,57.0
ELTILT:,0
PATTYP:,ENVELOPE
NOFREQ:,NA
PATFRE:,NA
NUMCUT:,4
PATCUT:,AZ
POLARI:,H/H
NUPOIN:,31
-180.00,-57.00,
-100.00,-57.00,
-80.00,-42.00,
-30.00,-42.00,
-15.00,-32.00,
-10.00,-30.00,
-5.50,-21.00,
-5.00,-21.00,
-5.00,-20.00,
-3.00,-20.00,
-2.50,-14.00,
-2.00,-8.00,
-1.50,-5.20,
-1.00,-2.90,
-0.50,-1.10,
0.00,0.00,
0.50,-1.10,
1.00,-2.90,
1.50,-5.20,
2.00,-8.00,
2.50,-14.00,
3.00,-20.00,
5.00,-20.00,
5.00,-21.00,
5.50,-21.00,
10.00,-30.00,
15.00,-32.00,
30.00,-42.00,
80.00,-42.00,
100.00,-57.00,
180.00,-57.00,
PATCUT:,AZ
POLARI:,H/V
NUPOIN:,11
-180.00,-57.00,
-48.00,-57.00,
-15.00,-50.00,
-8.00,-48.00,
-2.90,-28.00,
0.00,-28.00,
2.90,-28.00,
8.00,-48.00,
15.00,-50.00,
48.00,-57.00,
180.00,-57.00,
PATCUT:,AZ
POLARI:,V/V
NUPOIN:,31
-180.00,-57.00,
-100.00,-57.00,
-80.00,-42.00,
-30.00,-42.00,
-15.00,-32.00,
-10.00,-30.00,
-5.50,-21.00,
-5.00,-21.00,
-5.00,-20.00,
-3.00,-20.00,
-2.50,-14.00,
-2.00,-8.00,
-1.50,-5.20,
-1.00,-2.90,
-0.50,-1.10,
0.00,0.00,
0.50,-1.10,
1.00,-2.90,
1.50,-5.20,
2.00,-8.00,
2.50,-14.00,
3.00,-20.00,
5.00,-20.00,
5.00,-21.00,
5.50,-21.00,
10.00,-30.00,
15.00,-32.00,
30.00,-42.00,
80.00,-42.00,
100.00,-57.00,
180.00,-57.00,
PATCUT:,AZ
POLARI:,V/H
NUPOIN:,11
-180.00,-57.00,
-48.00,-57.00,
-15.00,-50.00,
-8.00,-48.00,
-2.90,-28.00,
0.00,-28.00,
2.90,-28.00,
8.00,-48.00,
15.00,-50.00,
48.00,-57.00,
180.00,-57.00,
ENDFIL:,EOF
