REVNUM:,NSMA WG16.99.050
REVDAT:,19990520
ANTMAN:,ANDREW CORPORATION
MODNUM:,HDV10-65
PATNUM:,1897
FEDORN:,NA
DESCR1:,
DESCR2:,Dual Beam Antenna, Diversity; refer to RPE 1896 for Main.
DESCR3:,
DESCR4:,
DESCR5:,
DTDATA:,19891102
LOWFRQ:,6425
HGHFRQ:,7125
GUNITS:,DBI/DBR
LWGAIN:,43.6
MDGAIN:,43.9
HGGAIN:,44.2
AZWIDT:,1.20
ELWIDT:,1.20
ATVSWR:,1.06
FRTOBA:,66.0
ELTILT:,0
PATTYP:,ENVELOPE
NOFREQ:,NA
PATFRE:,NA
NUMCUT:,2
PATCUT:,AZ
POLARI:,V/V
NUPOIN:,47
-180.00,-67.00,
-92.80,-67.00,
-90.00,-66.10,
-80.00,-59.10,
-74.00,-59.10,
-70.00,-52.00,
-63.70,-52.00,
-60.00,-48.50,
-49.50,-48.50,
-45.00,-44.00,
-40.00,-39.60,
-35.00,-38.00,
-23.00,-38.00,
-20.00,-34.00,
-18.50,-32.00,
-9.00,-32.00,
-7.70,-29.60,
-6.30,-29.60,
-6.00,-28.80,
-3.30,-28.80,
-3.00,-27.70,
-2.00,-27.70,
-1.50,-18.70,
0.00,-18.70,
1.50,-18.70,
2.00,-27.70,
3.00,-27.70,
3.30,-28.80,
6.00,-28.80,
6.30,-29.60,
7.70,-29.60,
9.00,-32.00,
18.50,-32.00,
20.00,-34.00,
23.00,-38.00,
35.00,-38.00,
40.00,-39.60,
45.00,-44.00,
49.50,-48.50,
60.00,-48.50,
63.70,-52.00,
70.00,-52.00,
74.00,-59.10,
80.00,-59.10,
90.00,-66.10,
92.80,-67.00,
180.00,-67.00,
PATCUT:,AZ
POLARI:,V/H
NUPOIN:,45
-180.00,-68.30,
-87.20,-68.30,
-80.00,-64.10,
-74.50,-64.10,
-70.00,-55.40,
-44.80,-55.40,
-40.00,-50.80,
-23.00,-50.80,
-20.00,-44.40,
-14.10,-44.40,
-14.00,-44.00,
-13.00,-43.20,
-11.60,-43.20,
-11.00,-41.30,
-10.00,-40.60,
-9.00,-40.60,
-8.00,-38.80,
-3.20,-38.80,
-3.00,-37.30,
-2.00,-37.30,
-1.50,-26.50,
-1.00,-20.00,
0.00,-20.00,
1.00,-20.00,
1.50,-26.50,
2.00,-37.30,
3.00,-37.30,
3.20,-38.80,
8.00,-38.80,
9.00,-40.60,
10.00,-40.60,
11.00,-41.30,
11.60,-43.20,
13.00,-43.20,
14.00,-44.00,
14.10,-44.40,
20.00,-44.40,
23.00,-50.80,
40.00,-50.80,
44.80,-55.40,
70.00,-55.40,
74.50,-64.10,
80.00,-64.10,
87.20,-68.30,
180.00,-68.30,
ENDFIL:,EOF
