REVNUM:,NSMA WG16.99.050
REVDAT:,19990520
ANTMAN:,ANDREW CORPORATION
MODNUM:,UHX15-65
PATNUM:,1710E
FEDORN:,LEFT 
DESCR1:,
DESCR2:,
DESCR3:,
DESCR4:,
DESCR5:,
DTDATA:,19720220
LOWFRQ:,6425
HGHFRQ:,7125
GUNITS:,DBI/DBR
LWGAIN:,46.6
MDGAIN:,46.9
HGGAIN:,47.3
AZWIDT:,0.70
ELWIDT:,0.70
ATVSWR:,1.06
FRTOBA:,75.0
ELTILT:,0
PATTYP:,ENVELOPE
NOFREQ:,NA
PATFRE:,NA
NUMCUT:,4
PATCUT:,AZ
POLARI:,H/H
NUPOIN:,27
-180.00,-75.00,
-100.00,-75.00,
-70.00,-53.80,
-50.00,-45.00,
-18.00,-45.00,
-15.00,-43.70,
-8.00,-40.00,
-5.00,-34.00,
-3.00,-34.00,
-2.50,-22.00,
-1.30,-22.00,
-0.40,-0.50,
0.00,0.00,
0.40,-0.50,
1.50,-26.00,
2.00,-26.00,
2.50,-34.00,
4.50,-34.00,
4.50,-31.00,
5.00,-31.00,
10.00,-41.00,
13.00,-41.00,
15.00,-47.00,
17.00,-47.00,
20.00,-53.00,
90.00,-75.00,
180.00,-75.00,
PATCUT:,AZ
POLARI:,H/V
NUPOIN:,20
-180.00,-75.00,
-75.00,-75.00,
-70.00,-70.00,
-30.00,-60.00,
-15.00,-57.00,
-7.00,-60.00,
-1.50,-30.00,
0.00,-30.00,
1.50,-30.00,
4.00,-48.00,
7.00,-48.00,
10.00,-57.00,
13.00,-57.00,
15.00,-59.40,
17.50,-63.00,
45.00,-63.00,
50.00,-68.00,
65.00,-68.00,
80.00,-75.00,
180.00,-75.00,
PATCUT:,AZ
POLARI:,V/V
NUPOIN:,29
-180.00,-75.00,
-90.00,-75.00,
-80.00,-64.00,
-60.00,-52.00,
-50.00,-50.00,
-22.00,-50.00,
-21.00,-48.00,
-16.00,-48.00,
-16.00,-44.80,
-7.00,-42.00,
-6.00,-34.00,
-2.70,-34.00,
-2.50,-24.00,
-1.50,-24.00,
-0.40,-0.50,
0.00,0.00,
0.40,-0.50,
1.00,-25.00,
1.50,-25.00,
2.60,-35.00,
5.00,-35.00,
15.00,-46.00,
15.00,-47.00,
30.00,-53.00,
30.00,-54.00,
60.00,-55.00,
75.00,-64.00,
80.00,-75.00,
180.00,-75.00,
PATCUT:,AZ
POLARI:,V/H
NUPOIN:,22
-180.00,-75.00,
-90.00,-75.00,
-70.00,-68.00,
-40.00,-68.00,
-35.00,-65.00,
-30.00,-65.00,
-15.00,-64.00,
-8.00,-64.00,
-4.00,-50.00,
-1.50,-30.00,
0.00,-30.00,
1.50,-30.00,
4.00,-50.00,
5.00,-50.00,
10.00,-58.00,
11.00,-58.00,
15.00,-59.00,
30.00,-62.00,
50.00,-62.00,
75.00,-70.00,
75.00,-75.00,
180.00,-75.00,
ENDFIL:,EOF
