REVNUM:,NSMA WG16.99.050
REVDAT:,19990520
ANTMAN:,ANDREW CORPORATION
MODNUM:,PDV6-65
PATNUM:,1774
FEDORN:,NA
DESCR1:,
DESCR2:,Dual Beam Antenna, Main; refer to RPE 1775 for Diversity.
DESCR3:,
DESCR4:,
DESCR5:,
DTDATA:,19891106
LOWFRQ:,6425
HGHFRQ:,7125
GUNITS:,DBI/DBR
LWGAIN:,39.4
MDGAIN:,39.7
HGGAIN:,40.0
AZWIDT:,1.90
ELWIDT:,1.90
ATVSWR:,1.08
FRTOBA:,54.0
ELTILT:,0
PATTYP:,ENVELOPE
NOFREQ:,NA
PATFRE:,NA
NUMCUT:,2
PATCUT:,AZ
POLARI:,V/V
NUPOIN:,55
-180.00,-54.00,
-140.00,-54.00,
-130.00,-51.50,
-120.00,-46.10,
-110.00,-36.90,
-34.80,-36.90,
-30.00,-32.40,
-25.00,-28.00,
-6.90,-28.00,
-6.00,-25.80,
-5.00,-24.30,
-2.80,-24.30,
-2.70,-23.60,
-2.10,-23.60,
-2.00,-21.40,
-1.90,-17.00,
-1.70,-13.60,
-1.50,-9.30,
-1.30,-6.70,
-1.00,-4.20,
-0.90,-3.00,
-0.80,-2.40,
-0.60,-1.50,
-0.50,-1.10,
-0.40,-0.60,
-0.20,-0.20,
-0.10,-0.10,
0.00,0.00,
0.10,-0.10,
0.20,-0.20,
0.40,-0.60,
0.50,-1.10,
0.60,-1.50,
0.80,-2.40,
0.90,-3.00,
1.10,-4.20,
1.30,-6.70,
1.50,-9.30,
1.70,-13.60,
1.90,-17.00,
2.00,-21.40,
2.10,-23.60,
2.70,-23.60,
2.80,-24.30,
5.00,-24.30,
6.00,-25.80,
6.90,-28.00,
25.00,-28.00,
30.00,-32.40,
34.80,-36.90,
110.00,-36.90,
120.00,-46.10,
130.00,-51.50,
140.00,-54.00,
180.00,-54.00,
PATCUT:,AZ
POLARI:,V/H
NUPOIN:,47
-180.00,-56.00,
-165.00,-56.00,
-150.00,-56.00,
-140.00,-56.00,
-130.00,-54.70,
-120.00,-53.40,
-110.00,-50.20,
-100.00,-47.80,
-34.10,-47.80,
-30.00,-46.50,
-25.00,-41.80,
-15.00,-41.80,
-14.00,-41.70,
-11.50,-41.70,
-11.00,-41.20,
-10.00,-39.80,
-9.00,-38.90,
-4.30,-38.90,
-4.00,-38.50,
-3.00,-37.20,
-2.00,-34.30,
-1.50,-31.60,
-1.00,-29.00,
0.00,-29.00,
1.00,-29.00,
1.50,-31.60,
2.00,-34.30,
3.00,-37.20,
4.00,-38.50,
4.30,-38.90,
9.00,-38.90,
10.00,-39.80,
11.00,-41.20,
11.50,-41.70,
14.00,-41.70,
15.00,-41.80,
25.00,-41.80,
30.00,-46.50,
34.10,-47.80,
100.00,-47.80,
110.00,-50.20,
120.00,-53.40,
130.00,-54.70,
140.00,-56.00,
150.00,-56.00,
165.00,-56.00,
180.00,-56.00,
ENDFIL:,EOF
