REVNUM:,NSMA WG16.99.050
REVDAT:,19990520
ANTMAN:,ANDREW CORPORATION
MODNUM:,HDH12-65
PATNUM:,1909
FEDORN:,NA
DESCR1:,
DESCR2:,Dual Beam Antenna, Diversity; refer to RPE 1908 for Main.
DESCR3:,
DESCR4:,
DESCR5:,
DTDATA:,19891103
LOWFRQ:,6425
HGHFRQ:,7125
GUNITS:,DBI/DBR
LWGAIN:,45.0
MDGAIN:,45.3
HGGAIN:,45.6
AZWIDT:,0.90
ELWIDT:,0.90
ATVSWR:,1.06
FRTOBA:,70.0
ELTILT:,0
PATTYP:,ENVELOPE
NOFREQ:,NA
PATFRE:,NA
NUMCUT:,2
PATCUT:,AZ
POLARI:,H/H
NUPOIN:,43
-180.00,-70.00,
-100.00,-70.00,
-90.00,-64.10,
-80.00,-56.50,
-75.00,-52.20,
-70.00,-46.60,
-48.80,-46.60,
-45.00,-45.60,
-40.00,-44.50,
-35.00,-43.40,
-24.30,-43.40,
-20.00,-39.00,
-15.00,-33.10,
-14.00,-30.60,
-11.70,-30.60,
-11.00,-30.50,
-10.00,-29.90,
-9.00,-26.80,
-1.50,-26.80,
-1.00,-20.60,
-0.50,-14.00,
0.00,-14.00,
0.50,-14.00,
1.00,-20.60,
1.50,-26.80,
9.00,-26.80,
10.00,-29.90,
11.00,-30.50,
11.70,-30.60,
14.00,-30.60,
15.00,-33.10,
20.00,-39.00,
24.30,-43.40,
35.00,-43.40,
40.00,-44.50,
45.00,-45.60,
48.80,-46.60,
70.00,-46.60,
75.00,-52.20,
80.00,-56.50,
90.00,-64.10,
100.00,-70.00,
180.00,-70.00,
PATCUT:,AZ
POLARI:,H/V
NUPOIN:,55
-180.00,-70.00,
-100.00,-70.00,
-98.00,-69.20,
-82.40,-69.20,
-80.00,-68.10,
-75.00,-65.20,
-70.00,-61.60,
-65.00,-60.70,
-60.00,-59.80,
-55.00,-59.00,
-50.00,-58.20,
-45.00,-55.40,
-40.00,-54.20,
-35.00,-53.00,
-30.00,-51.90,
-25.00,-50.70,
-20.00,-47.20,
-15.00,-41.70,
-14.00,-41.20,
-13.00,-40.80,
-12.00,-40.30,
-11.00,-38.30,
-10.00,-36.40,
-9.00,-32.70,
-8.00,-32.10,
-1.50,-32.10,
-1.00,-24.00,
0.00,-24.00,
1.00,-24.00,
1.50,-32.10,
8.00,-32.10,
9.00,-32.70,
10.00,-36.40,
11.00,-38.30,
12.00,-40.30,
13.00,-40.80,
14.00,-41.20,
15.00,-41.70,
20.00,-47.20,
25.00,-50.70,
30.00,-51.90,
35.00,-53.00,
40.00,-54.20,
45.00,-55.40,
50.00,-58.20,
55.00,-59.00,
60.00,-59.80,
65.00,-60.70,
70.00,-61.60,
75.00,-65.20,
80.00,-68.10,
82.40,-69.20,
98.00,-69.20,
100.00,-70.00,
180.00,-70.00,
ENDFIL:,EOF
