REVNUM:,NSMA WG16.99.050
REVDAT:,19990520
ANTMAN:,ANDREW CORPORATION
MODNUM:,HPX15-65
PATNUM:,2657D
FEDORN:,NA
DESCR1:,
DESCR2:,
DESCR3:,
DESCR4:,
DESCR5:,
DTDATA:,19760707
LOWFRQ:,6425
HGHFRQ:,7125
GUNITS:,DBI/DBR
LWGAIN:,46.6
MDGAIN:,46.9
HGGAIN:,47.3
AZWIDT:,0.70
ELWIDT:,0.70
ATVSWR:,1.06
FRTOBA:,71.0
ELTILT:,0
PATTYP:,ENVELOPE
NOFREQ:,NA
PATFRE:,NA
NUMCUT:,4
PATCUT:,AZ
POLARI:,H/H
NUPOIN:,29
-180.00,-71.00,
-100.00,-71.00,
-75.00,-52.00,
-50.00,-43.00,
-30.00,-43.00,
-30.00,-42.00,
-15.00,-39.00,
-12.00,-39.00,
-6.00,-30.00,
-2.50,-21.00,
-1.60,-21.00,
-1.50,-18.00,
-1.00,-10.00,
-0.50,-5.00,
0.00,0.00,
0.50,-5.00,
1.00,-10.00,
1.50,-18.00,
1.60,-21.00,
2.50,-21.00,
6.00,-30.00,
12.00,-39.00,
15.00,-39.00,
30.00,-42.00,
30.00,-43.00,
50.00,-43.00,
75.00,-52.00,
100.00,-71.00,
180.00,-71.00,
PATCUT:,AZ
POLARI:,H/V
NUPOIN:,17
-180.00,-71.00,
-80.00,-71.00,
-70.00,-62.00,
-40.00,-56.00,
-15.00,-53.00,
-10.00,-53.00,
-7.50,-50.00,
-2.00,-30.00,
0.00,-30.00,
2.00,-30.00,
7.50,-50.00,
10.00,-53.00,
15.00,-53.00,
40.00,-56.00,
70.00,-62.00,
80.00,-71.00,
180.00,-71.00,
PATCUT:,AZ
POLARI:,V/V
NUPOIN:,23
-180.00,-71.00,
-95.00,-71.00,
-75.00,-55.00,
-30.00,-43.00,
-15.00,-40.80,
-7.00,-34.00,
-2.50,-21.00,
-1.60,-21.00,
-1.50,-18.00,
-1.00,-10.00,
-0.50,-5.00,
0.00,0.00,
0.50,-5.00,
1.00,-10.00,
1.50,-18.00,
1.60,-21.00,
2.50,-21.00,
7.00,-34.00,
15.00,-40.80,
30.00,-43.00,
75.00,-55.00,
95.00,-71.00,
180.00,-71.00,
PATCUT:,AZ
POLARI:,V/H
NUPOIN:,19
-180.00,-71.00,
-85.00,-71.00,
-70.00,-64.00,
-45.00,-58.00,
-15.00,-57.00,
-10.00,-56.00,
-8.50,-52.00,
-3.50,-48.00,
-2.00,-30.00,
0.00,-30.00,
2.00,-30.00,
3.50,-48.00,
8.50,-52.00,
10.00,-56.00,
15.00,-57.00,
45.00,-58.00,
70.00,-64.00,
85.00,-71.00,
180.00,-71.00,
ENDFIL:,EOF
