REVNUM:,NSMA WG16.99.050
REVDAT:,19990520
ANTMAN:,ANDREW CORPORATION
MODNUM:,HDH12-65
PATNUM:,1908
FEDORN:,NA
DESCR1:,
DESCR2:,Dual Beam Antenna, Main; refer to RPE 1909 for Diversity.
DESCR3:,
DESCR4:,
DESCR5:,
DTDATA:,19891103
LOWFRQ:,6425
HGHFRQ:,7125
GUNITS:,DBI/DBR
LWGAIN:,45.0
MDGAIN:,45.3
HGGAIN:,45.6
AZWIDT:,0.90
ELWIDT:,0.90
ATVSWR:,1.06
FRTOBA:,70.0
ELTILT:,0
PATTYP:,ENVELOPE
NOFREQ:,NA
PATFRE:,NA
NUMCUT:,2
PATCUT:,AZ
POLARI:,H/H
NUPOIN:,67
-180.00,-70.00,
-100.00,-70.00,
-90.00,-64.40,
-80.00,-56.40,
-75.00,-51.10,
-70.00,-48.10,
-58.40,-48.10,
-55.00,-47.20,
-50.00,-46.80,
-45.00,-46.40,
-40.00,-45.80,
-35.00,-42.90,
-24.40,-42.90,
-20.00,-40.20,
-15.00,-33.00,
-14.00,-30.70,
-13.00,-30.60,
-12.00,-30.50,
-11.00,-30.00,
-10.00,-29.00,
-9.00,-26.00,
-2.00,-26.00,
-1.30,-25.30,
-1.14,-23.21,
-1.09,-19.98,
-0.99,-15.10,
-0.89,-11.44,
-0.79,-8.53,
-0.69,-6.21,
-0.54,-3.58,
-0.39,-1.78,
-0.29,-0.95,
-0.19,-0.40,
0.00,0.00,
0.05,-0.13,
0.20,-0.73,
0.30,-1.48,
0.50,-3.84,
0.65,-6.51,
0.75,-8.82,
0.90,-13.27,
1.00,-17.15,
1.10,-22.15,
1.15,-25.35,
1.30,-25.30,
2.00,-26.00,
9.00,-26.00,
10.00,-29.00,
11.00,-30.00,
12.00,-30.50,
13.00,-30.60,
14.00,-30.70,
15.00,-33.00,
20.00,-40.20,
24.40,-42.90,
35.00,-42.90,
40.00,-45.80,
45.00,-46.40,
50.00,-46.80,
55.00,-47.20,
58.40,-48.10,
70.00,-48.10,
75.00,-51.10,
80.00,-56.40,
90.00,-64.40,
100.00,-70.00,
180.00,-70.00,
PATCUT:,AZ
POLARI:,H/V
NUPOIN:,47
-180.00,-70.00,
-86.60,-70.00,
-80.00,-67.60,
-75.00,-64.80,
-70.00,-60.30,
-65.00,-59.80,
-60.00,-59.30,
-55.00,-58.10,
-50.00,-56.20,
-45.00,-53.70,
-40.00,-52.70,
-35.00,-51.60,
-30.00,-51.20,
-25.00,-50.80,
-20.00,-49.20,
-15.00,-46.80,
-10.80,-46.80,
-10.00,-44.20,
-9.00,-40.50,
-8.00,-33.90,
-7.00,-32.10,
-1.20,-32.10,
-1.00,-30.00,
0.00,-30.00,
1.00,-30.00,
1.20,-32.10,
7.00,-32.10,
8.00,-33.90,
9.00,-40.50,
10.00,-44.20,
10.80,-46.80,
15.00,-46.80,
20.00,-49.20,
25.00,-50.80,
30.00,-51.20,
35.00,-51.60,
40.00,-52.70,
45.00,-53.70,
50.00,-56.20,
55.00,-58.10,
60.00,-59.30,
65.00,-59.80,
70.00,-60.30,
75.00,-64.80,
80.00,-67.60,
86.60,-70.00,
180.00,-70.00,
ENDFIL:,EOF
