REVNUM:,NSMA WG16.99.050
REVDAT:,19990520
ANTMAN:,ANDREW CORPORATION
MODNUM:,HP12-70
PATNUM:,2756E
FEDORN:,NA
DESCR1:,
DESCR2:,
DESCR3:,
DESCR4:,
DESCR5:,
DTDATA:,19781121
LOWFRQ:,7125
HGHFRQ:,7750
GUNITS:,DBI/DBR
LWGAIN:,46.3
MDGAIN:,46.7
HGGAIN:,47.1
AZWIDT:,0.70
ELWIDT:,0.70
ATVSWR:,1.06
FRTOBA:,71.0
ELTILT:,0
PATTYP:,ENVELOPE
NOFREQ:,NA
PATFRE:,NA
NUMCUT:,4
PATCUT:,AZ
POLARI:,H/H
NUPOIN:,23
-180.00,-71.00,
-99.50,-71.00,
-75.00,-52.00,
-40.00,-47.00,
-15.00,-45.00,
-9.50,-40.00,
-6.50,-33.00,
-3.00,-29.00,
-1.30,-19.70,
-1.00,-13.00,
-0.50,-5.00,
0.00,0.00,
0.50,-5.00,
1.00,-13.00,
1.30,-19.70,
3.00,-29.00,
6.50,-33.00,
9.50,-40.00,
15.00,-45.00,
40.00,-47.00,
75.00,-52.00,
99.50,-71.00,
180.00,-71.00,
PATCUT:,AZ
POLARI:,H/V
NUPOIN:,21
-180.00,-74.00,
-98.00,-74.00,
-59.50,-64.00,
-44.00,-63.10,
-19.00,-56.00,
-9.50,-56.00,
-6.40,-54.00,
-3.80,-42.90,
-1.80,-42.90,
-1.50,-30.00,
0.00,-30.00,
1.50,-30.00,
1.80,-42.90,
3.80,-42.90,
6.40,-54.00,
9.50,-56.00,
19.00,-56.00,
44.00,-63.10,
59.50,-64.00,
98.00,-74.00,
180.00,-74.00,
PATCUT:,AZ
POLARI:,V/V
NUPOIN:,29
-180.00,-71.00,
-99.00,-71.00,
-70.00,-57.10,
-44.00,-57.10,
-20.00,-39.00,
-15.00,-39.00,
-11.50,-36.00,
-8.50,-35.00,
-8.00,-30.80,
-5.00,-30.80,
-3.60,-28.00,
-1.30,-19.70,
-1.00,-13.00,
-0.50,-5.00,
0.00,0.00,
0.50,-5.00,
1.00,-13.00,
1.30,-19.70,
3.60,-28.00,
5.00,-30.80,
8.00,-30.80,
8.50,-35.00,
11.50,-36.00,
15.00,-39.00,
20.00,-39.00,
44.00,-57.10,
70.00,-57.10,
99.00,-71.00,
180.00,-71.00,
PATCUT:,AZ
POLARI:,V/H
NUPOIN:,21
-180.00,-74.00,
-98.00,-74.00,
-70.00,-67.00,
-15.00,-61.10,
-12.80,-54.00,
-11.10,-54.00,
-8.40,-44.00,
-1.90,-44.00,
-1.80,-42.90,
-1.50,-30.00,
0.00,-30.00,
1.50,-30.00,
1.80,-42.90,
1.90,-44.00,
8.40,-44.00,
11.10,-54.00,
12.80,-54.00,
15.00,-61.10,
70.00,-67.00,
98.00,-74.00,
180.00,-74.00,
ENDFIL:,EOF
