REVNUM:,NSMA WG16.99.050
REVDAT:,19990520
ANTMAN:,ANDREW CORPORATION
MODNUM:,HP8-70
PATNUM:,2751D
FEDORN:,NA
DESCR1:,
DESCR2:,
DESCR3:,
DESCR4:,
DESCR5:,
DTDATA:,19761101
LOWFRQ:,7125
HGHFRQ:,7750
GUNITS:,DBI/DBR
LWGAIN:,42.6
MDGAIN:,43.0
HGGAIN:,43.3
AZWIDT:,1.10
ELWIDT:,1.10
ATVSWR:,1.06
FRTOBA:,67.0
ELTILT:,0
PATTYP:,ENVELOPE
NOFREQ:,NA
PATFRE:,NA
NUMCUT:,4
PATCUT:,AZ
POLARI:,H/H
NUPOIN:,27
-180.00,-67.00,
-100.00,-67.00,
-74.00,-46.00,
-28.00,-46.00,
-25.00,-43.00,
-12.50,-43.00,
-10.00,-35.00,
-3.50,-27.00,
-3.50,-24.80,
-1.70,-24.40,
-1.50,-12.00,
-1.00,-3.80,
-0.50,-1.20,
0.00,0.00,
0.50,-1.20,
1.00,-3.80,
1.50,-12.00,
1.70,-24.40,
3.50,-24.80,
3.50,-27.00,
10.00,-35.00,
12.50,-43.00,
25.00,-43.00,
28.00,-46.00,
74.00,-46.00,
100.00,-67.00,
180.00,-67.00,
PATCUT:,AZ
POLARI:,H/V
NUPOIN:,15
-180.00,-67.00,
-100.00,-67.00,
-75.00,-54.00,
-8.60,-54.00,
-6.10,-37.00,
-3.00,-37.00,
-3.00,-30.00,
0.00,-30.00,
3.00,-30.00,
3.00,-37.00,
6.10,-37.00,
8.60,-54.00,
75.00,-54.00,
100.00,-67.00,
180.00,-67.00,
PATCUT:,AZ
POLARI:,V/V
NUPOIN:,23
-180.00,-67.00,
-100.00,-67.00,
-75.00,-44.10,
-23.00,-44.10,
-17.50,-35.20,
-15.00,-35.00,
-3.50,-24.20,
-1.70,-24.10,
-1.50,-12.00,
-1.00,-3.80,
-0.50,-1.20,
0.00,0.00,
0.50,-1.20,
1.00,-3.80,
1.50,-12.00,
1.70,-24.10,
3.50,-24.20,
15.00,-35.00,
17.50,-35.20,
23.00,-44.10,
75.00,-44.10,
100.00,-67.00,
180.00,-67.00,
PATCUT:,AZ
POLARI:,V/H
NUPOIN:,13
-180.00,-67.00,
-100.00,-67.00,
-75.00,-54.00,
-15.00,-54.00,
-2.50,-32.90,
-2.50,-30.00,
0.00,-30.00,
2.50,-30.00,
2.50,-32.90,
15.00,-54.00,
75.00,-54.00,
100.00,-67.00,
180.00,-67.00,
ENDFIL:,EOF
