REVNUM:,NSMA WG16.99.050
REVDAT:,19990520
ANTMAN:,ANDREW CORPORATION
MODNUM:,PXL12-70
PATNUM:,2752E
FEDORN:,NA
DESCR1:,
DESCR2:,
DESCR3:,
DESCR4:,
DESCR5:,
DTDATA:,19780612
LOWFRQ:,7125
HGHFRQ:,7750
GUNITS:,DBI/DBR
LWGAIN:,45.7
MDGAIN:,46.1
HGGAIN:,46.4
AZWIDT:,0.70
ELWIDT:,0.70
ATVSWR:,1.06
FRTOBA:,54.0
ELTILT:,0
PATTYP:,ENVELOPE
NOFREQ:,NA
PATFRE:,NA
NUMCUT:,4
PATCUT:,AZ
POLARI:,H/H
NUPOIN:,23
-180.00,-54.00,
-170.00,-54.00,
-170.00,-60.00,
-120.00,-60.00,
-99.50,-45.00,
-22.00,-45.00,
-15.00,-36.00,
-10.00,-28.00,
-2.40,-21.00,
-1.40,-21.00,
-0.50,-5.00,
0.00,0.00,
0.50,-5.00,
1.40,-21.00,
2.40,-21.00,
10.00,-28.00,
15.00,-36.00,
22.00,-45.00,
99.50,-45.00,
120.00,-60.00,
170.00,-60.00,
170.00,-54.00,
180.00,-54.00,
PATCUT:,AZ
POLARI:,H/V
NUPOIN:,13
-180.00,-64.00,
-21.00,-64.00,
-15.00,-58.00,
-10.00,-50.90,
-5.00,-48.20,
-1.50,-30.00,
0.00,-30.00,
1.50,-30.00,
5.00,-48.20,
10.00,-50.90,
15.00,-58.00,
21.00,-64.00,
180.00,-64.00,
PATCUT:,AZ
POLARI:,V/V
NUPOIN:,23
-180.00,-54.00,
-175.00,-54.00,
-175.00,-66.00,
-120.00,-66.00,
-100.00,-48.00,
-30.00,-48.00,
-15.00,-37.90,
-5.00,-26.20,
-2.40,-21.00,
-1.40,-21.00,
-0.50,-5.00,
0.00,0.00,
0.50,-5.00,
1.40,-21.00,
2.40,-21.00,
5.00,-26.20,
15.00,-37.90,
30.00,-48.00,
100.00,-48.00,
120.00,-66.00,
175.00,-66.00,
175.00,-54.00,
180.00,-54.00,
PATCUT:,AZ
POLARI:,V/H
NUPOIN:,11
-180.00,-64.01,
-26.00,-64.00,
-15.00,-58.00,
-10.00,-52.00,
-1.50,-30.00,
0.00,-30.00,
1.50,-30.00,
10.00,-52.00,
15.00,-58.00,
26.00,-64.00,
180.00,-64.01,
ENDFIL:,EOF
