REVNUM:,NSMA WG16.99.050
REVDAT:,19990520
ANTMAN:,ANDREW CORPORATION
MODNUM:,HPX6-70
PATNUM:,2816F
FEDORN:,NA
DESCR1:,
DESCR2:,
DESCR3:,
DESCR4:,
DESCR5:,
DTDATA:,19911206
LOWFRQ:,7125
HGHFRQ:,7750
GUNITS:,DBI/DBR
LWGAIN:,40.0
MDGAIN:,40.4
HGGAIN:,40.7
AZWIDT:,1.50
ELWIDT:,1.50
ATVSWR:,1.07
FRTOBA:,65.0
ELTILT:,0
PATTYP:,ENVELOPE
NOFREQ:,NA
PATFRE:,NA
NUMCUT:,4
PATCUT:,AZ
POLARI:,H/H
NUPOIN:,27
-180.00,-65.00,
-100.00,-65.00,
-55.00,-45.00,
-35.00,-40.00,
-30.00,-35.00,
-15.00,-35.00,
-3.20,-19.80,
-2.00,-19.80,
-1.75,-15.00,
-1.50,-10.00,
-1.20,-5.00,
-1.00,-3.00,
-0.50,-1.00,
0.00,0.00,
0.50,-1.00,
1.00,-3.00,
1.20,-5.00,
1.50,-10.00,
1.75,-15.00,
2.00,-19.80,
3.20,-19.80,
15.00,-35.00,
30.00,-35.00,
35.00,-40.00,
55.00,-45.00,
100.00,-65.00,
180.00,-65.00,
PATCUT:,AZ
POLARI:,H/V
NUPOIN:,17
-180.00,-65.00,
-80.00,-65.00,
-60.00,-60.00,
-15.00,-52.00,
-11.00,-50.00,
-9.00,-40.00,
-3.50,-40.00,
-1.70,-25.00,
0.00,-25.00,
1.70,-25.00,
3.50,-40.00,
9.00,-40.00,
11.00,-50.00,
15.00,-52.00,
60.00,-60.00,
80.00,-65.00,
180.00,-65.00,
PATCUT:,AZ
POLARI:,V/V
NUPOIN:,29
-180.00,-65.00,
-80.00,-65.00,
-55.00,-47.00,
-15.00,-37.00,
-12.00,-35.00,
-10.00,-28.00,
-6.00,-28.00,
-3.20,-20.00,
-2.00,-20.00,
-1.75,-15.00,
-1.50,-10.00,
-1.20,-5.00,
-1.00,-3.00,
-0.50,-1.00,
0.00,0.00,
0.50,-1.00,
1.00,-3.00,
1.20,-5.00,
1.50,-10.00,
1.75,-15.00,
2.00,-20.00,
3.20,-20.00,
6.00,-28.00,
10.00,-28.00,
12.00,-35.00,
15.00,-37.00,
55.00,-47.00,
80.00,-65.00,
180.00,-65.00,
PATCUT:,AZ
POLARI:,V/H
NUPOIN:,19
-180.00,-65.00,
-80.00,-65.00,
-60.00,-57.00,
-40.00,-55.00,
-15.00,-51.00,
-12.00,-50.00,
-8.00,-43.00,
-2.50,-43.00,
-1.50,-25.00,
0.00,-25.00,
1.50,-25.00,
2.50,-43.00,
8.00,-43.00,
12.00,-50.00,
15.00,-51.00,
40.00,-55.00,
60.00,-57.00,
80.00,-65.00,
180.00,-65.00,
ENDFIL:,EOF
