REVNUM:,NSMA WG16.99.050
REVDAT:,19990520
ANTMAN:,ANDREW CORPORATION
MODNUM:,HPX12-70
PATNUM:,2758E
FEDORN:,NA
DESCR1:,
DESCR2:,
DESCR3:,
DESCR4:,
DESCR5:,
DTDATA:,19780712
LOWFRQ:,7125
HGHFRQ:,7750
GUNITS:,DBI/DBR
LWGAIN:,45.7
MDGAIN:,46.1
HGGAIN:,46.4
AZWIDT:,0.80
ELWIDT:,0.80
ATVSWR:,1.06
FRTOBA:,71.0
ELTILT:,0
PATTYP:,ENVELOPE
NOFREQ:,NA
PATFRE:,NA
NUMCUT:,4
PATCUT:,AZ
POLARI:,H/H
NUPOIN:,21
-180.00,-71.00,
-100.00,-71.00,
-90.00,-48.00,
-49.00,-48.00,
-20.00,-41.00,
-15.00,-34.00,
-3.00,-24.00,
-1.50,-24.00,
-1.00,-13.00,
-0.50,-1.10,
0.00,0.00,
0.50,-1.10,
1.00,-13.00,
1.50,-24.00,
3.00,-24.00,
15.00,-34.00,
20.00,-41.00,
49.00,-48.00,
90.00,-48.00,
100.00,-71.00,
180.00,-71.00,
PATCUT:,AZ
POLARI:,H/V
NUPOIN:,17
-180.00,-71.00,
-100.00,-71.00,
-95.00,-60.00,
-15.00,-60.00,
-5.90,-44.00,
-3.00,-44.00,
-2.80,-43.00,
-0.50,-28.00,
0.00,-28.00,
0.50,-28.00,
2.80,-43.00,
3.00,-44.00,
5.90,-44.00,
15.00,-60.00,
95.00,-60.00,
100.00,-71.00,
180.00,-71.00,
PATCUT:,AZ
POLARI:,V/V
NUPOIN:,25
-180.00,-71.00,
-100.00,-71.00,
-90.00,-48.00,
-70.00,-54.00,
-50.00,-54.00,
-40.00,-47.00,
-25.00,-47.00,
-15.00,-38.00,
-3.00,-24.00,
-1.50,-24.00,
-1.00,-13.00,
-0.50,-1.10,
0.00,0.00,
0.50,-1.10,
1.00,-13.00,
1.50,-24.00,
3.00,-24.00,
15.00,-38.00,
25.00,-47.00,
40.00,-47.00,
50.00,-54.00,
70.00,-54.00,
90.00,-48.00,
100.00,-71.00,
180.00,-71.00,
PATCUT:,AZ
POLARI:,V/H
NUPOIN:,15
-180.00,-71.00,
-100.00,-71.00,
-95.00,-60.00,
-15.00,-60.00,
-6.10,-43.00,
-2.80,-43.00,
-0.50,-28.00,
0.00,-28.00,
0.50,-28.00,
2.80,-43.00,
6.10,-43.00,
15.00,-60.00,
95.00,-60.00,
100.00,-71.00,
180.00,-71.00,
ENDFIL:,EOF
