REVNUM:,NSMA WG16.99.050
REVDAT:,19990520
ANTMAN:,ANDREW CORPORATION
MODNUM:,HPX4-70
PATNUM:,2862A
FEDORN:,NA
DESCR1:,
DESCR2:,
DESCR3:,
DESCR4:,
DESCR5:,
DTDATA:,19931227
LOWFRQ:,7125
HGHFRQ:,7750
GUNITS:,DBI/DBR
LWGAIN:,36.0
MDGAIN:,36.4
HGGAIN:,36.7
AZWIDT:,2.30
ELWIDT:,2.30
ATVSWR:,1.08
FRTOBA:,61.0
ELTILT:,0
PATTYP:,ENVELOPE
NOFREQ:,NA
PATFRE:,NA
NUMCUT:,4
PATCUT:,AZ
POLARI:,H/H
NUPOIN:,31
-180.00,-61.00,
-100.00,-61.00,
-60.00,-41.00,
-40.00,-36.00,
-30.00,-31.00,
-15.00,-31.00,
-9.00,-22.00,
-6.50,-19.00,
-3.50,-19.00,
-3.00,-13.90,
-2.50,-9.70,
-2.00,-6.20,
-1.50,-3.50,
-1.00,-1.50,
-0.50,-0.40,
0.00,0.00,
0.50,-0.40,
1.00,-1.50,
1.50,-3.50,
2.00,-6.20,
2.50,-9.70,
3.00,-13.90,
3.50,-19.00,
6.50,-19.00,
9.00,-22.00,
15.00,-31.00,
30.00,-31.00,
40.00,-36.00,
60.00,-41.00,
100.00,-61.00,
180.00,-61.00,
PATCUT:,AZ
POLARI:,H/V
NUPOIN:,15
-180.00,-63.00,
-90.00,-63.00,
-60.00,-53.00,
-15.00,-46.00,
-11.50,-37.00,
-6.00,-37.00,
-3.00,-26.00,
0.00,-26.00,
3.00,-26.00,
6.00,-37.00,
11.50,-37.00,
15.00,-46.00,
60.00,-53.00,
90.00,-63.00,
180.00,-63.00,
PATCUT:,AZ
POLARI:,V/V
NUPOIN:,31
-180.00,-61.00,
-100.00,-61.00,
-60.00,-41.00,
-40.00,-36.00,
-30.00,-31.00,
-15.00,-31.00,
-9.00,-22.00,
-6.50,-19.00,
-3.50,-19.00,
-3.00,-13.90,
-2.50,-9.70,
-2.00,-6.20,
-1.50,-3.50,
-1.00,-1.50,
-0.50,-0.40,
0.00,0.00,
0.50,-0.40,
1.00,-1.50,
1.50,-3.50,
2.00,-6.20,
2.50,-9.70,
3.00,-13.90,
3.50,-19.00,
6.50,-19.00,
9.00,-22.00,
15.00,-31.00,
30.00,-31.00,
40.00,-36.00,
60.00,-41.00,
100.00,-61.00,
180.00,-61.00,
PATCUT:,AZ
POLARI:,V/H
NUPOIN:,15
-180.00,-63.00,
-90.00,-63.00,
-60.00,-53.00,
-15.00,-46.00,
-11.50,-37.00,
-6.00,-37.00,
-3.00,-26.00,
0.00,-26.00,
3.00,-26.00,
6.00,-37.00,
11.50,-37.00,
15.00,-46.00,
60.00,-53.00,
90.00,-63.00,
180.00,-63.00,
ENDFIL:,EOF
