REVNUM:,NSMA WG16.99.050
REVDAT:,19990520
ANTMAN:,ANDREW CORPORATION
MODNUM:,HP10-70
PATNUM:,2753D
FEDORN:,NA
DESCR1:,
DESCR2:,
DESCR3:,
DESCR4:,
DESCR5:,
DTDATA:,19761101
LOWFRQ:,7125
HGHFRQ:,7750
GUNITS:,DBI/DBR
LWGAIN:,44.3
MDGAIN:,44.7
HGGAIN:,45.0
AZWIDT:,0.90
ELWIDT:,0.90
ATVSWR:,1.06
FRTOBA:,70.0
ELTILT:,0
PATTYP:,ENVELOPE
NOFREQ:,NA
PATFRE:,NA
NUMCUT:,4
PATCUT:,AZ
POLARI:,H/H
NUPOIN:,19
-180.00,-70.00,
-100.00,-70.00,
-75.00,-47.00,
-25.00,-47.00,
-15.00,-44.00,
-3.80,-25.00,
-1.50,-25.00,
-1.00,-10.00,
-0.50,-1.80,
0.00,0.00,
0.50,-1.80,
1.00,-10.00,
1.50,-25.00,
3.80,-25.00,
15.00,-44.00,
25.00,-47.00,
75.00,-47.00,
100.00,-70.00,
180.00,-70.00,
PATCUT:,AZ
POLARI:,H/V
NUPOIN:,15
-180.00,-70.00,
-100.00,-70.00,
-75.00,-55.00,
-10.00,-55.00,
-6.00,-39.00,
-3.00,-39.00,
-3.00,-30.00,
0.00,-30.00,
3.00,-30.00,
3.00,-39.00,
6.00,-39.00,
10.00,-55.00,
75.00,-55.00,
100.00,-70.00,
180.00,-70.00,
PATCUT:,AZ
POLARI:,V/V
NUPOIN:,23
-180.00,-70.00,
-100.00,-70.00,
-75.00,-47.00,
-35.00,-47.00,
-30.00,-43.00,
-21.50,-42.00,
-18.00,-35.00,
-15.00,-35.00,
-1.50,-25.00,
-1.00,-10.00,
-0.50,-1.80,
0.00,0.00,
0.50,-1.80,
1.00,-10.00,
1.50,-25.00,
15.00,-35.00,
18.00,-35.00,
21.50,-42.00,
30.00,-43.00,
35.00,-47.00,
75.00,-47.00,
100.00,-70.00,
180.00,-70.00,
PATCUT:,AZ
POLARI:,V/H
NUPOIN:,19
-180.00,-70.00,
-100.00,-70.00,
-75.00,-56.00,
-30.00,-56.00,
-15.00,-55.00,
-10.00,-50.00,
-7.70,-44.00,
-5.00,-44.00,
-2.50,-30.00,
0.00,-30.00,
2.50,-30.00,
5.00,-44.00,
7.70,-44.00,
10.00,-50.00,
15.00,-55.00,
30.00,-56.00,
75.00,-56.00,
100.00,-70.00,
180.00,-70.00,
ENDFIL:,EOF
