REVNUM:,NSMA WG16.99.050
REVDAT:,19990520
ANTMAN:,ANDREW CORPORATION
MODNUM:,HP15-70
PATNUM:,2757D
FEDORN:,NA
DESCR1:,
DESCR2:,
DESCR3:,
DESCR4:,
DESCR5:,
DTDATA:,19740916
LOWFRQ:,7125
HGHFRQ:,7750
GUNITS:,DBI/DBR
LWGAIN:,47.4
MDGAIN:,48.1
HGGAIN:,48.4
AZWIDT:,0.60
ELWIDT:,0.60
ATVSWR:,1.06
FRTOBA:,71.0
ELTILT:,0
PATTYP:,ENVELOPE
NOFREQ:,NA
PATFRE:,NA
NUMCUT:,4
PATCUT:,AZ
POLARI:,H/H
NUPOIN:,21
-180.00,-71.00,
-100.00,-71.00,
-75.00,-49.00,
-30.00,-49.00,
-15.00,-45.00,
-3.20,-25.00,
-2.00,-22.00,
-1.30,-22.00,
-1.00,-15.00,
-0.50,-3.00,
0.00,0.00,
0.50,-3.00,
1.00,-15.00,
1.30,-22.00,
2.00,-22.00,
3.20,-25.00,
15.00,-45.00,
30.00,-49.00,
75.00,-49.00,
100.00,-71.00,
180.00,-71.00,
PATCUT:,AZ
POLARI:,H/V
NUPOIN:,15
-180.00,-71.00,
-100.00,-71.00,
-75.00,-58.00,
-10.00,-58.00,
-6.50,-42.00,
-3.50,-42.00,
-3.00,-30.00,
0.00,-30.00,
3.00,-30.00,
3.50,-42.00,
6.50,-42.00,
10.00,-58.00,
75.00,-58.00,
100.00,-71.00,
180.00,-71.00,
PATCUT:,AZ
POLARI:,V/V
NUPOIN:,25
-180.00,-71.00,
-100.00,-71.00,
-75.00,-49.00,
-30.00,-49.00,
-18.00,-40.00,
-15.00,-40.00,
-7.60,-28.00,
-3.50,-25.00,
-2.00,-22.00,
-1.30,-22.00,
-1.00,-15.00,
-0.50,-3.00,
0.00,0.00,
0.50,-3.00,
1.00,-15.00,
1.30,-22.00,
2.00,-22.00,
3.50,-25.00,
7.60,-28.00,
15.00,-40.00,
18.00,-40.00,
30.00,-49.00,
75.00,-49.00,
100.00,-71.00,
180.00,-71.00,
PATCUT:,AZ
POLARI:,V/H
NUPOIN:,19
-180.00,-71.00,
-100.00,-71.00,
-75.00,-58.00,
-26.00,-58.00,
-15.00,-56.90,
-10.00,-54.00,
-8.00,-47.00,
-5.00,-47.00,
-2.50,-30.00,
0.00,-30.00,
2.50,-30.00,
5.00,-47.00,
8.00,-47.00,
10.00,-54.00,
15.00,-56.90,
26.00,-58.00,
75.00,-58.00,
100.00,-71.00,
180.00,-71.00,
ENDFIL:,EOF
