REVNUM:,NSMA WG16.99.050
REVDAT:,19990520
ANTMAN:,ANDREW CORPORATION
MODNUM:,PXL8-70
PATNUM:,2828E
FEDORN:,NA
DESCR1:,
DESCR2:,
DESCR3:,
DESCR4:,
DESCR5:,
DTDATA:,19780110
LOWFRQ:,7125
HGHFRQ:,7750
GUNITS:,DBI/DBR
LWGAIN:,42.4
MDGAIN:,42.9
HGGAIN:,43.2
AZWIDT:,1.10
ELWIDT:,1.10
ATVSWR:,1.06
FRTOBA:,50.0
ELTILT:,0
PATTYP:,ENVELOPE
NOFREQ:,NA
PATFRE:,NA
NUMCUT:,4
PATCUT:,AZ
POLARI:,H/H
NUPOIN:,33
-180.00,-50.00,
-174.00,-50.00,
-169.00,-55.00,
-118.00,-55.00,
-104.50,-43.00,
-95.00,-43.00,
-80.00,-47.90,
-59.50,-47.90,
-20.00,-35.00,
-15.00,-35.00,
-10.00,-28.00,
-5.00,-27.00,
-2.00,-25.00,
-1.50,-14.00,
-1.00,-5.00,
-0.50,-1.90,
0.00,0.00,
0.50,-1.90,
1.00,-5.00,
1.50,-14.00,
2.00,-25.00,
5.00,-27.00,
10.00,-28.00,
15.00,-35.00,
20.00,-35.00,
59.50,-47.90,
80.00,-47.90,
95.00,-43.00,
104.50,-43.00,
118.00,-55.00,
169.00,-55.00,
174.00,-50.00,
180.00,-50.00,
PATCUT:,AZ
POLARI:,H/V
NUPOIN:,11
-180.00,-59.00,
-13.00,-59.00,
-10.00,-49.00,
-3.00,-49.00,
-2.00,-30.00,
0.00,-30.00,
2.00,-30.00,
3.00,-49.00,
10.00,-49.00,
13.00,-59.00,
180.00,-59.00,
PATCUT:,AZ
POLARI:,V/V
NUPOIN:,31
-180.00,-50.00,
-174.00,-50.00,
-169.00,-55.00,
-118.00,-55.00,
-104.00,-43.00,
-85.00,-49.00,
-50.00,-49.00,
-15.00,-35.00,
-10.00,-31.00,
-5.00,-29.00,
-5.00,-27.00,
-2.00,-25.00,
-1.50,-14.00,
-1.00,-5.00,
-0.50,-1.90,
0.00,0.00,
0.50,-1.90,
1.00,-5.00,
1.50,-14.00,
2.00,-25.00,
5.00,-27.00,
5.00,-29.00,
10.00,-31.00,
15.00,-35.00,
50.00,-49.00,
85.00,-49.00,
104.00,-43.00,
118.00,-55.00,
169.00,-55.00,
174.00,-50.00,
180.00,-50.00,
PATCUT:,AZ
POLARI:,V/H
NUPOIN:,13
-180.00,-57.00,
-15.00,-57.00,
-12.80,-54.50,
-10.00,-47.00,
-2.90,-47.00,
-2.00,-30.00,
0.00,-30.00,
2.00,-30.00,
2.90,-47.00,
10.00,-47.00,
12.80,-54.50,
15.00,-57.00,
180.00,-57.00,
ENDFIL:,EOF
