REVNUM:,NSMA WG16.99.050
REVDAT:,19990520
ANTMAN:,ANDREW CORPORATION
MODNUM:,HPX10-70
PATNUM:,2754E
FEDORN:,NA
DESCR1:,
DESCR2:,
DESCR3:,
DESCR4:,
DESCR5:,
DTDATA:,19780612
LOWFRQ:,7125
HGHFRQ:,7750
GUNITS:,DBI/DBR
LWGAIN:,44.5
MDGAIN:,44.8
HGGAIN:,45.0
AZWIDT:,0.90
ELWIDT:,0.90
ATVSWR:,1.06
FRTOBA:,70.0
ELTILT:,0
PATTYP:,ENVELOPE
NOFREQ:,NA
PATFRE:,NA
NUMCUT:,4
PATCUT:,AZ
POLARI:,H/H
NUPOIN:,23
-180.00,-70.00,
-100.00,-70.00,
-80.00,-55.00,
-20.00,-37.00,
-15.00,-37.00,
-10.00,-30.00,
-3.00,-27.00,
-2.00,-20.00,
-1.50,-20.00,
-1.00,-8.00,
-0.50,-2.00,
0.00,0.00,
0.50,-2.00,
1.00,-8.00,
1.50,-20.00,
2.00,-20.00,
3.00,-27.00,
10.00,-30.00,
15.00,-37.00,
20.00,-37.00,
80.00,-55.00,
100.00,-70.00,
180.00,-70.00,
PATCUT:,AZ
POLARI:,H/V
NUPOIN:,15
-180.00,-70.00,
-90.00,-70.00,
-80.00,-64.50,
-15.00,-55.00,
-10.00,-47.00,
-2.10,-47.00,
-1.50,-30.00,
0.00,-30.00,
1.50,-30.00,
2.10,-47.00,
10.00,-47.00,
15.00,-55.00,
80.00,-64.50,
90.00,-70.00,
180.00,-70.00,
PATCUT:,AZ
POLARI:,V/V
NUPOIN:,21
-180.00,-70.00,
-100.00,-70.00,
-65.00,-55.00,
-15.00,-38.00,
-10.00,-33.00,
-3.00,-27.00,
-2.00,-20.00,
-1.50,-20.00,
-1.00,-8.00,
-0.50,-2.00,
0.00,0.00,
0.50,-2.00,
1.00,-8.00,
1.50,-20.00,
2.00,-20.00,
3.00,-27.00,
10.00,-33.00,
15.00,-38.00,
65.00,-55.00,
100.00,-70.00,
180.00,-70.00,
PATCUT:,AZ
POLARI:,V/H
NUPOIN:,17
-180.00,-70.00,
-90.00,-70.00,
-80.00,-61.00,
-40.00,-60.00,
-15.00,-53.90,
-10.00,-47.00,
-2.10,-47.00,
-1.50,-30.00,
0.00,-30.00,
1.50,-30.00,
2.10,-47.00,
10.00,-47.00,
15.00,-53.90,
40.00,-60.00,
80.00,-61.00,
90.00,-70.00,
180.00,-70.00,
ENDFIL:,EOF
