REVNUM:,NSMA WG16.99.050
REVDAT:,19990520
ANTMAN:,ANDREW CORPORATION
MODNUM:,PL8-71W
PATNUM:,1271G
FEDORN:,NA
DESCR1:,
DESCR2:,
DESCR3:,
DESCR4:,
DESCR5:,
DTDATA:,19971011
LOWFRQ:,7125
HGHFRQ:,8500
GUNITS:,DBI/DBR
LWGAIN:,42.3
MDGAIN:,42.9
HGGAIN:,43.6
AZWIDT:,1.10
ELWIDT:,1.10
ATVSWR:,1.10
FRTOBA:,52.0
ELTILT:,0
PATTYP:,ENVELOPE
NOFREQ:,NA
PATFRE:,NA
NUMCUT:,4
PATCUT:,AZ
POLARI:,H/H
NUPOIN:,31
-180.00,-52.00,
-114.00,-52.00,
-105.00,-46.00,
-65.00,-45.00,
-30.00,-45.00,
-20.00,-42.00,
-15.00,-42.00,
-14.00,-42.00,
-13.00,-38.00,
-7.80,-38.00,
-6.00,-30.00,
-2.00,-25.00,
-1.50,-16.00,
-1.00,-7.00,
-0.50,-0.60,
0.00,0.00,
0.50,-0.60,
1.00,-7.00,
1.50,-16.00,
2.00,-25.00,
6.00,-30.00,
7.80,-38.00,
13.00,-38.00,
14.00,-42.00,
15.00,-42.00,
20.00,-42.00,
30.00,-45.00,
65.00,-45.00,
105.00,-46.00,
114.00,-52.00,
180.00,-52.00,
PATCUT:,AZ
POLARI:,H/V
NUPOIN:,13
-180.00,-52.00,
-15.00,-52.00,
-13.00,-50.00,
-6.00,-50.00,
-2.00,-43.00,
-1.50,-30.00,
0.00,-30.00,
1.50,-30.00,
2.00,-43.00,
6.01,-50.00,
13.00,-50.00,
15.00,-52.00,
180.00,-52.00,
PATCUT:,AZ
POLARI:,V/V
NUPOIN:,29
-180.00,-52.00,
-112.00,-52.00,
-105.50,-47.00,
-91.00,-47.00,
-71.93,-46.86,
-44.49,-47.14,
-25.00,-36.90,
-15.00,-36.90,
-11.80,-33.80,
-5.00,-32.80,
-2.00,-25.00,
-1.50,-16.00,
-1.00,-7.00,
-0.50,-0.60,
0.00,0.00,
0.50,-0.60,
1.00,-7.00,
1.50,-16.00,
2.00,-25.00,
5.00,-32.80,
11.80,-33.80,
15.00,-36.90,
25.00,-36.90,
44.49,-46.86,
74.43,-46.86,
91.00,-47.00,
105.50,-47.00,
112.00,-52.00,
180.00,-52.00,
PATCUT:,AZ
POLARI:,V/H
NUPOIN:,12
-180.00,-52.00,
-55.72,-52.00,
-15.00,-52.00,
-6.10,-52.00,
-2.00,-45.00,
-1.50,-30.00,
0.00,-30.00,
1.50,-30.00,
2.00,-45.00,
6.69,-52.00,
15.00,-52.00,
180.00,-52.00,
ENDFIL:,EOF
