REVNUM:,NSMA WG16.99.050
REVDAT:,19990520
ANTMAN:,ANDREW CORPORATION
MODNUM:,HP10-71
PATNUM:,2772E
FEDORN:,NA
DESCR1:,
DESCR2:,
DESCR3:,
DESCR4:,
DESCR5:,
DTDATA:,19780125
LOWFRQ:,7125
HGHFRQ:,7750
GUNITS:,DBI/DBR
LWGAIN:,44.1
MDGAIN:,44.5
HGGAIN:,44.8
AZWIDT:,0.90
ELWIDT:,0.90
ATVSWR:,1.06
FRTOBA:,70.0
ELTILT:,0
PATTYP:,ENVELOPE
NOFREQ:,NA
PATFRE:,NA
NUMCUT:,4
PATCUT:,AZ
POLARI:,H/H
NUPOIN:,23
-180.00,-70.00,
-100.00,-70.00,
-70.00,-51.00,
-35.00,-45.00,
-15.00,-43.00,
-10.50,-39.00,
-8.00,-39.00,
-1.80,-24.50,
-1.50,-18.00,
-1.00,-6.00,
-0.50,-0.90,
0.00,0.00,
0.50,-0.90,
1.00,-6.00,
1.50,-18.00,
1.80,-24.50,
8.00,-39.00,
10.50,-39.00,
15.00,-43.00,
35.00,-45.00,
70.00,-51.00,
100.00,-70.00,
180.00,-70.00,
PATCUT:,AZ
POLARI:,H/V
NUPOIN:,17
-180.00,-75.00,
-100.00,-75.00,
-30.00,-67.00,
-15.00,-61.00,
-9.00,-57.00,
-6.50,-50.00,
-3.00,-50.00,
-1.60,-28.00,
0.00,-28.00,
1.60,-28.00,
3.00,-50.00,
6.50,-50.00,
9.00,-57.00,
15.00,-61.00,
30.00,-67.00,
100.00,-75.00,
180.00,-75.00,
PATCUT:,AZ
POLARI:,V/V
NUPOIN:,27
-180.00,-70.00,
-100.00,-70.00,
-71.00,-56.20,
-42.00,-52.20,
-25.00,-42.00,
-15.00,-38.00,
-11.60,-37.00,
-10.00,-30.90,
-5.00,-30.90,
-1.80,-24.50,
-1.50,-18.00,
-1.00,-6.00,
-0.50,-0.90,
0.00,0.00,
0.50,-0.90,
1.00,-6.00,
1.50,-18.00,
1.80,-24.50,
5.00,-30.90,
10.00,-30.90,
11.60,-37.00,
15.00,-38.00,
25.00,-42.00,
42.00,-52.20,
71.00,-56.20,
100.00,-70.00,
180.00,-70.00,
PATCUT:,AZ
POLARI:,V/H
NUPOIN:,17
-180.00,-75.00,
-100.00,-75.00,
-45.00,-67.00,
-30.00,-67.00,
-15.00,-57.00,
-10.00,-50.00,
-3.00,-50.00,
-1.60,-28.00,
0.00,-28.00,
1.60,-28.00,
3.00,-50.00,
10.00,-50.00,
15.00,-57.00,
30.00,-67.00,
45.00,-67.00,
100.00,-75.00,
180.00,-75.00,
ENDFIL:,EOF
