REVNUM:,NSMA WG16.99.050
REVDAT:,19990520
ANTMAN:,ANDREW CORPORATION
MODNUM:,HPX8-71
PATNUM:,2775D
FEDORN:,NA
DESCR1:,
DESCR2:,
DESCR3:,
DESCR4:,
DESCR5:,
DTDATA:,19760321
LOWFRQ:,7125
HGHFRQ:,7750
GUNITS:,DBI/DBR
LWGAIN:,42.1
MDGAIN:,42.5
HGGAIN:,42.8
AZWIDT:,0.90
ELWIDT:,0.90
ATVSWR:,1.06
FRTOBA:,67.0
ELTILT:,0
PATTYP:,ENVELOPE
NOFREQ:,NA
PATFRE:,NA
NUMCUT:,4
PATCUT:,AZ
POLARI:,H/H
NUPOIN:,25
-180.00,-67.00,
-100.00,-67.00,
-91.10,-56.00,
-70.00,-50.00,
-15.00,-36.00,
-10.80,-31.00,
-5.00,-31.00,
-3.00,-20.40,
-1.70,-20.40,
-1.50,-15.00,
-1.00,-6.00,
-0.50,-1.70,
0.00,0.00,
0.50,-1.70,
1.00,-6.00,
1.50,-15.00,
1.70,-20.40,
3.00,-20.40,
5.00,-31.00,
10.80,-31.00,
15.00,-36.00,
70.00,-50.00,
91.10,-56.00,
100.00,-67.00,
180.00,-67.00,
PATCUT:,AZ
POLARI:,H/V
NUPOIN:,25
-180.00,-73.00,
-96.00,-73.00,
-80.00,-63.70,
-40.00,-54.00,
-15.00,-50.60,
-12.50,-47.00,
-11.00,-42.00,
-9.40,-42.00,
-7.50,-47.00,
-4.00,-46.00,
-2.50,-40.00,
-1.50,-30.00,
0.00,-30.00,
1.50,-30.00,
2.50,-40.00,
4.00,-46.00,
7.50,-47.00,
9.40,-42.00,
11.00,-42.00,
12.50,-47.00,
15.00,-50.60,
40.00,-54.00,
80.00,-63.70,
96.00,-73.00,
180.00,-73.00,
PATCUT:,AZ
POLARI:,V/V
NUPOIN:,25
-180.00,-72.00,
-106.50,-72.00,
-72.50,-55.70,
-25.00,-39.00,
-15.00,-39.00,
-9.60,-32.50,
-5.00,-23.40,
-1.90,-23.30,
-1.70,-20.40,
-1.50,-15.00,
-1.00,-6.00,
-0.50,-1.70,
0.00,0.00,
0.50,-1.70,
1.00,-6.00,
1.50,-15.00,
1.70,-20.40,
1.90,-23.30,
5.00,-23.40,
9.60,-32.50,
15.00,-39.00,
25.00,-39.00,
72.50,-55.70,
106.50,-72.00,
180.00,-72.00,
PATCUT:,AZ
POLARI:,V/H
NUPOIN:,19
-180.00,-72.00,
-106.50,-72.00,
-42.00,-55.50,
-21.50,-55.60,
-15.00,-52.00,
-13.00,-45.00,
-3.00,-44.00,
-2.50,-40.00,
-1.50,-30.00,
0.00,-30.00,
1.50,-30.00,
2.50,-40.00,
3.00,-44.00,
13.00,-45.00,
15.00,-52.00,
21.50,-55.60,
42.00,-55.50,
106.50,-72.00,
180.00,-72.00,
ENDFIL:,EOF
