REVNUM:,NSMA WG16.99.050
REVDAT:,19990520
ANTMAN:,ANDREW CORPORATION
MODNUM:,HPX8-70
PATNUM:,2826E
FEDORN:,NA
DESCR1:,
DESCR2:,
DESCR3:,
DESCR4:,
DESCR5:,
DTDATA:,19780110
LOWFRQ:,7125
HGHFRQ:,7750
GUNITS:,DBI/DBR
LWGAIN:,42.4
MDGAIN:,42.9
HGGAIN:,43.2
AZWIDT:,1.10
ELWIDT:,1.10
ATVSWR:,1.06
FRTOBA:,67.0
ELTILT:,0
PATTYP:,ENVELOPE
NOFREQ:,NA
PATFRE:,NA
NUMCUT:,4
PATCUT:,AZ
POLARI:,H/H
NUPOIN:,19
-180.00,-67.00,
-98.50,-67.00,
-59.00,-45.00,
-34.00,-45.00,
-15.00,-35.00,
-1.80,-24.00,
-1.50,-16.00,
-1.00,-6.00,
-0.50,-2.00,
0.00,0.00,
0.50,-2.00,
1.00,-6.00,
1.50,-16.00,
1.80,-24.00,
15.00,-35.00,
34.00,-45.00,
59.00,-45.00,
98.50,-67.00,
180.00,-67.00,
PATCUT:,AZ
POLARI:,H/V
NUPOIN:,15
-180.00,-67.00,
-90.00,-67.00,
-60.00,-56.00,
-15.00,-52.90,
-12.00,-48.00,
-2.50,-48.00,
-1.50,-30.00,
0.00,-30.00,
1.50,-30.00,
2.50,-48.00,
12.00,-48.00,
15.00,-52.90,
60.00,-56.00,
90.00,-67.00,
180.00,-67.00,
PATCUT:,AZ
POLARI:,V/V
NUPOIN:,19
-180.00,-67.00,
-98.50,-67.00,
-59.00,-50.00,
-39.00,-50.00,
-15.00,-35.00,
-1.80,-24.00,
-1.50,-16.00,
-1.00,-6.00,
-0.50,-2.00,
0.00,0.00,
0.50,-2.00,
1.00,-6.00,
1.50,-16.00,
1.80,-24.00,
15.00,-35.00,
39.00,-50.00,
59.00,-50.00,
98.50,-67.00,
180.00,-67.00,
PATCUT:,AZ
POLARI:,V/H
NUPOIN:,15
-180.00,-67.00,
-90.00,-67.00,
-71.00,-60.00,
-15.00,-55.00,
-10.00,-48.00,
-2.50,-48.00,
-1.50,-30.00,
0.00,-30.00,
1.50,-30.00,
2.50,-48.00,
10.00,-48.00,
15.00,-55.00,
71.00,-60.00,
90.00,-67.00,
180.00,-67.00,
ENDFIL:,EOF
