REVNUM:,NSMA WG16.99.050
REVDAT:,19990520
ANTMAN:,ANDREW CORPORATION
MODNUM:,PL15-70
PATNUM:,2745E
FEDORN:,NA
DESCR1:,
DESCR2:,
DESCR3:,
DESCR4:,
DESCR5:,
DTDATA:,19790115
LOWFRQ:,7125
HGHFRQ:,7750
GUNITS:,DBI/DBR
LWGAIN:,47.7
MDGAIN:,48.1
HGGAIN:,48.4
AZWIDT:,0.60
ELWIDT:,0.60
ATVSWR:,1.06
FRTOBA:,55.0
ELTILT:,0
PATTYP:,ENVELOPE
NOFREQ:,NA
PATFRE:,NA
NUMCUT:,4
PATCUT:,AZ
POLARI:,H/H
NUPOIN:,25
-180.00,-55.00,
-170.00,-55.00,
-170.00,-65.00,
-120.00,-65.00,
-100.00,-48.00,
-30.00,-48.00,
-15.00,-47.00,
-5.50,-38.00,
-2.50,-20.00,
-1.00,-20.00,
-0.50,-10.00,
-0.50,-2.00,
0.00,0.00,
0.50,-2.00,
0.50,-10.00,
1.00,-20.00,
2.50,-20.00,
5.50,-38.00,
15.00,-47.00,
30.00,-48.00,
100.00,-48.00,
120.00,-65.00,
170.00,-65.00,
170.00,-55.00,
180.00,-55.00,
PATCUT:,AZ
POLARI:,H/V
NUPOIN:,19
-180.00,-65.00,
-100.00,-65.00,
-34.00,-64.00,
-15.00,-62.00,
-12.50,-61.00,
-7.00,-60.00,
-3.00,-43.00,
-1.50,-43.00,
-1.00,-30.00,
0.00,-30.00,
1.00,-30.00,
1.50,-43.00,
3.00,-43.00,
7.00,-60.00,
12.50,-61.00,
15.00,-62.00,
34.00,-64.00,
100.00,-65.00,
180.00,-65.00,
PATCUT:,AZ
POLARI:,V/V
NUPOIN:,35
-180.00,-55.00,
-170.00,-55.00,
-170.00,-65.00,
-120.00,-65.00,
-100.00,-50.00,
-20.00,-50.00,
-15.00,-40.00,
-14.50,-38.00,
-8.00,-38.00,
-7.50,-35.00,
-6.50,-35.00,
-6.00,-32.00,
-3.00,-29.00,
-2.50,-20.00,
-1.00,-20.00,
-0.50,-10.00,
-0.50,-2.00,
0.00,0.00,
0.50,-2.00,
0.50,-10.00,
1.00,-20.00,
2.50,-20.00,
3.00,-29.00,
6.00,-32.00,
6.50,-35.00,
7.50,-35.00,
8.00,-38.00,
14.50,-38.00,
15.00,-40.00,
20.00,-50.00,
100.00,-50.00,
120.00,-65.00,
170.00,-65.00,
170.00,-55.00,
180.00,-55.00,
PATCUT:,AZ
POLARI:,V/H
NUPOIN:,19
-180.00,-65.00,
-100.00,-65.00,
-95.00,-62.00,
-20.00,-62.00,
-14.00,-52.00,
-10.50,-52.00,
-7.00,-40.00,
-1.40,-40.00,
-1.00,-30.00,
0.00,-30.00,
1.00,-30.00,
1.40,-40.00,
7.00,-40.00,
10.50,-52.00,
14.00,-52.00,
20.00,-62.00,
95.00,-62.00,
100.00,-65.00,
180.00,-65.00,
ENDFIL:,EOF
