REVNUM:,NSMA WG16.99.050
REVDAT:,19990520
ANTMAN:,ANDREW CORPORATION
MODNUM:,HP12-71
PATNUM:,2774F
FEDORN:,NA
DESCR1:,
DESCR2:,
DESCR3:,
DESCR4:,
DESCR5:,
DTDATA:,19781121
LOWFRQ:,7125
HGHFRQ:,7750
GUNITS:,DBI/DBR
LWGAIN:,45.6
MDGAIN:,46.0
HGGAIN:,46.3
AZWIDT:,0.70
ELWIDT:,0.70
ATVSWR:,1.06
FRTOBA:,71.0
ELTILT:,0
PATTYP:,ENVELOPE
NOFREQ:,NA
PATFRE:,NA
NUMCUT:,4
PATCUT:,AZ
POLARI:,H/H
NUPOIN:,27
-180.00,-71.00,
-97.50,-71.00,
-67.50,-51.20,
-43.00,-51.20,
-28.00,-44.90,
-15.00,-44.10,
-14.80,-44.00,
-11.00,-40.00,
-4.80,-33.00,
-2.50,-25.00,
-1.80,-25.00,
-1.00,-19.00,
-0.50,-5.00,
0.00,0.00,
0.50,-5.00,
1.00,-19.00,
1.80,-25.00,
2.50,-25.00,
4.80,-33.00,
11.00,-40.00,
14.80,-44.00,
15.00,-44.10,
28.00,-44.90,
43.00,-51.20,
67.50,-51.20,
97.50,-71.00,
180.00,-71.00,
PATCUT:,AZ
POLARI:,H/V
NUPOIN:,23
-180.00,-71.00,
-77.50,-71.00,
-68.00,-66.00,
-53.00,-66.00,
-44.00,-59.00,
-15.00,-59.00,
-12.20,-56.10,
-6.90,-55.00,
-4.30,-45.00,
-1.80,-42.20,
-1.50,-30.00,
0.00,-30.00,
1.50,-30.00,
1.80,-42.20,
4.30,-45.00,
6.90,-55.00,
12.20,-56.10,
15.00,-59.00,
44.00,-59.00,
53.00,-66.00,
68.00,-66.00,
77.50,-71.00,
180.00,-71.00,
PATCUT:,AZ
POLARI:,V/V
NUPOIN:,23
-180.00,-71.00,
-97.50,-71.00,
-77.50,-57.00,
-48.00,-57.00,
-15.00,-40.00,
-11.00,-40.00,
-4.80,-33.00,
-2.50,-25.00,
-1.80,-25.00,
-1.00,-19.00,
-0.50,-5.00,
0.00,0.00,
0.50,-5.00,
1.00,-19.00,
1.80,-25.00,
2.50,-25.00,
4.80,-33.00,
11.00,-40.00,
15.00,-40.00,
48.00,-57.00,
77.50,-57.00,
97.50,-71.00,
180.00,-71.00,
PATCUT:,AZ
POLARI:,V/H
NUPOIN:,21
-180.00,-71.00,
-77.50,-71.00,
-70.50,-67.20,
-23.50,-65.00,
-15.00,-60.30,
-12.90,-54.00,
-10.70,-54.00,
-9.30,-46.00,
-1.90,-45.00,
-1.50,-30.00,
0.00,-30.00,
1.50,-30.00,
1.90,-45.00,
9.30,-46.00,
10.70,-54.00,
12.90,-54.00,
15.00,-60.30,
23.50,-65.00,
70.50,-67.20,
77.50,-71.00,
180.00,-71.00,
ENDFIL:,EOF
