REVNUM:,NSMA WG16.99.050
REVDAT:,19990520
ANTMAN:,ANDREW CORPORATION
MODNUM:,PL10-71W
PATNUM:,1273G
FEDORN:,NA
DESCR1:,
DESCR2:,
DESCR3:,
DESCR4:,
DESCR5:,
DTDATA:,19971011
LOWFRQ:,7125
HGHFRQ:,8500
GUNITS:,DBI/DBR
LWGAIN:,44.0
MDGAIN:,44.8
HGGAIN:,45.5
AZWIDT:,0.90
ELWIDT:,0.90
ATVSWR:,1.10
FRTOBA:,55.0
ELTILT:,0
PATTYP:,ENVELOPE
NOFREQ:,NA
PATFRE:,NA
NUMCUT:,4
PATCUT:,AZ
POLARI:,H/H
NUPOIN:,21
-180.00,-55.00,
-107.00,-55.00,
-94.50,-45.20,
-15.00,-45.00,
-11.40,-40.00,
-7.50,-40.00,
-4.50,-30.00,
-1.50,-25.00,
-1.00,-11.00,
-0.50,-1.00,
0.00,0.00,
0.50,-1.00,
1.00,-11.00,
1.50,-25.00,
4.50,-30.00,
7.50,-40.00,
11.40,-40.00,
15.00,-45.00,
94.50,-45.20,
107.00,-55.00,
180.00,-55.00,
PATCUT:,AZ
POLARI:,H/V
NUPOIN:,13
-180.00,-55.00,
-15.00,-55.00,
-12.00,-55.00,
-7.50,-55.00,
-1.50,-44.10,
-1.00,-30.00,
0.00,-30.00,
1.00,-30.00,
1.50,-44.10,
7.51,-55.00,
12.00,-55.00,
15.00,-55.00,
180.00,-55.00,
PATCUT:,AZ
POLARI:,V/V
NUPOIN:,29
-180.00,-55.00,
-102.00,-55.00,
-92.00,-47.30,
-90.00,-47.20,
-34.91,-47.18,
-35.00,-47.00,
-21.00,-36.90,
-15.00,-36.90,
-13.10,-36.90,
-11.00,-33.00,
-4.00,-33.00,
-1.50,-25.00,
-1.00,-11.00,
-0.50,-1.00,
0.00,0.00,
0.50,-1.00,
1.00,-11.00,
1.50,-25.00,
4.00,-33.00,
11.00,-33.00,
13.10,-36.90,
15.00,-36.90,
21.00,-36.90,
35.00,-47.00,
35.14,-47.20,
90.00,-47.20,
92.00,-47.30,
102.00,-55.00,
180.00,-55.00,
PATCUT:,AZ
POLARI:,V/H
NUPOIN:,13
-180.00,-55.00,
-15.00,-55.00,
-12.00,-46.20,
-5.00,-44.10,
-1.50,-44.10,
-1.00,-30.00,
0.00,-30.00,
1.00,-30.00,
1.50,-44.10,
5.00,-44.10,
12.00,-46.20,
15.00,-55.00,
180.00,-55.00,
ENDFIL:,EOF
