REVNUM:,NSMA WG16.99.050
REVDAT:,19990520
ANTMAN:,ANDREW CORPORATION
MODNUM:,FP4-71
PATNUM:,6132
FEDORN:,NA
DESCR1:,
DESCR2:,
DESCR3:,
DESCR4:,
DESCR5:,
DTDATA:,19771128
LOWFRQ:,7125
HGHFRQ:,7725
GUNITS:,DBI/DBR
LWGAIN:,34.9
MDGAIN:,35.2
HGGAIN:,35.4
AZWIDT:,2.20
ELWIDT:,2.20
ATVSWR:,1.10
FRTOBA:,52.0
ELTILT:,0
PATTYP:,ENVELOPE
NOFREQ:,NA
PATFRE:,NA
NUMCUT:,4
PATCUT:,AZ
POLARI:,H/H
NUPOIN:,29
-180.00,-52.00,
-92.00,-52.00,
-85.00,-39.00,
-70.00,-39.00,
-60.00,-33.00,
-40.00,-33.00,
-37.00,-30.00,
-17.80,-30.00,
-15.00,-27.00,
-5.10,-15.00,
-3.00,-15.00,
-1.50,-5.10,
-1.00,-2.20,
-0.50,-0.80,
0.00,0.00,
0.50,-0.80,
1.00,-2.20,
1.50,-5.10,
3.00,-15.00,
5.10,-15.00,
15.00,-27.00,
17.80,-30.00,
37.00,-30.00,
40.00,-33.00,
60.00,-33.00,
70.00,-39.00,
85.00,-39.00,
92.00,-52.00,
180.00,-52.00,
PATCUT:,AZ
POLARI:,H/V
NUPOIN:,17
-180.00,-56.00,
-80.00,-56.00,
-68.00,-46.00,
-35.00,-46.00,
-32.50,-40.00,
-15.00,-40.00,
-8.00,-40.00,
-4.50,-25.00,
0.00,-25.00,
4.50,-25.00,
8.00,-40.00,
15.00,-40.00,
32.50,-40.00,
35.00,-46.00,
68.00,-46.00,
80.00,-56.00,
180.00,-56.00,
PATCUT:,AZ
POLARI:,V/V
NUPOIN:,29
-180.00,-52.00,
-92.00,-52.00,
-85.00,-39.00,
-70.00,-39.00,
-60.00,-33.00,
-40.00,-33.00,
-37.00,-30.00,
-17.80,-30.00,
-15.00,-27.00,
-5.10,-15.00,
-3.00,-15.00,
-1.50,-5.10,
-1.00,-2.20,
-0.50,-0.80,
0.00,0.00,
0.50,-0.80,
1.00,-2.20,
1.50,-5.10,
3.00,-15.00,
5.10,-15.00,
15.00,-27.00,
17.80,-30.00,
37.00,-30.00,
40.00,-33.00,
60.00,-33.00,
70.00,-39.00,
85.00,-39.00,
92.00,-52.00,
180.00,-52.00,
PATCUT:,AZ
POLARI:,V/H
NUPOIN:,17
-180.00,-56.00,
-80.00,-56.00,
-68.00,-46.00,
-35.00,-46.00,
-32.50,-40.00,
-15.00,-40.00,
-8.00,-40.00,
-4.50,-25.00,
0.00,-25.00,
4.50,-25.00,
8.00,-40.00,
15.00,-40.00,
32.50,-40.00,
35.00,-46.00,
68.00,-46.00,
80.00,-56.00,
180.00,-56.00,
ENDFIL:,EOF
