REVNUM:,NSMA WG16.99.050
REVDAT:,19990520
ANTMAN:,ANDREW CORPORATION
MODNUM:,FP6-71
PATNUM:,6133
FEDORN:,NA
DESCR1:,
DESCR2:,
DESCR3:,
DESCR4:,
DESCR5:,
DTDATA:,19771130
LOWFRQ:,7125
HGHFRQ:,7725
GUNITS:,DBI/DBR
LWGAIN:,38.8
MDGAIN:,39.2
HGGAIN:,39.5
AZWIDT:,1.50
ELWIDT:,1.50
ATVSWR:,1.07
FRTOBA:,58.0
ELTILT:,0
PATTYP:,ENVELOPE
NOFREQ:,NA
PATFRE:,NA
NUMCUT:,4
PATCUT:,AZ
POLARI:,H/H
NUPOIN:,25
-180.00,-58.00,
-130.00,-58.00,
-84.00,-46.00,
-60.00,-46.00,
-37.50,-37.00,
-25.00,-37.00,
-15.00,-24.00,
-3.00,-22.00,
-2.00,-10.00,
-1.50,-6.50,
-1.00,-3.20,
-0.50,-1.30,
0.00,0.00,
0.50,-1.30,
1.00,-3.20,
1.50,-6.50,
2.00,-10.00,
3.00,-22.00,
15.00,-24.00,
25.00,-37.00,
37.50,-37.00,
60.00,-46.00,
84.00,-46.00,
130.00,-58.00,
180.00,-58.00,
PATCUT:,AZ
POLARI:,H/V
NUPOIN:,17
-180.00,-58.00,
-82.50,-58.00,
-82.50,-56.00,
-60.00,-56.00,
-22.50,-48.00,
-15.00,-40.00,
-6.00,-40.00,
-2.80,-25.00,
0.00,-25.00,
2.80,-25.00,
6.00,-40.00,
15.00,-40.00,
22.50,-48.00,
60.00,-56.00,
82.50,-56.00,
82.50,-58.00,
180.00,-58.00,
PATCUT:,AZ
POLARI:,V/V
NUPOIN:,25
-180.00,-58.00,
-130.00,-58.00,
-84.00,-46.00,
-60.00,-46.00,
-37.50,-37.00,
-25.00,-37.00,
-15.00,-24.00,
-3.00,-22.00,
-2.00,-10.00,
-1.50,-6.50,
-1.00,-3.20,
-0.50,-1.30,
0.00,0.00,
0.50,-1.30,
1.00,-3.20,
1.50,-6.50,
2.00,-10.00,
3.00,-22.00,
15.00,-24.00,
25.00,-37.00,
37.50,-37.00,
60.00,-46.00,
84.00,-46.00,
130.00,-58.00,
180.00,-58.00,
PATCUT:,AZ
POLARI:,V/H
NUPOIN:,17
-180.00,-58.00,
-82.50,-58.00,
-82.50,-56.00,
-60.00,-56.00,
-22.50,-48.00,
-15.00,-40.00,
-6.00,-40.00,
-2.80,-25.00,
0.00,-25.00,
2.80,-25.00,
6.00,-40.00,
15.00,-40.00,
22.50,-48.00,
60.00,-56.00,
82.50,-56.00,
82.50,-58.00,
180.00,-58.00,
ENDFIL:,EOF
