REVNUM:,NSMA WG16.99.050
REVDAT:,19990520
ANTMAN:,ANDREW CORPORATION
MODNUM:,FP10-77
PATNUM:,6153
FEDORN:,NA
DESCR1:,
DESCR2:,
DESCR3:,
DESCR4:,
DESCR5:,
DTDATA:,19780401
LOWFRQ:,7725
HGHFRQ:,8500
GUNITS:,DBI/DBR
LWGAIN:,44.9
MDGAIN:,45.3
HGGAIN:,45.4
AZWIDT:,0.90
ELWIDT:,0.90
ATVSWR:,1.04
FRTOBA:,66.0
ELTILT:,0
PATTYP:,ENVELOPE
NOFREQ:,NA
PATFRE:,NA
NUMCUT:,4
PATCUT:,AZ
POLARI:,H/H
NUPOIN:,23
-180.00,-66.00,
-105.00,-66.00,
-85.00,-49.00,
-60.00,-49.00,
-30.00,-41.00,
-15.00,-41.00,
-3.00,-25.00,
-2.00,-25.00,
-1.50,-10.00,
-1.00,-2.40,
-0.50,-0.70,
0.00,0.00,
0.50,-0.70,
1.00,-2.40,
1.50,-10.00,
2.00,-25.00,
3.00,-25.00,
15.00,-41.00,
30.00,-41.00,
60.00,-49.00,
85.00,-49.00,
105.00,-66.00,
180.00,-66.00,
PATCUT:,AZ
POLARI:,H/V
NUPOIN:,15
-180.00,-70.00,
-85.00,-70.00,
-25.00,-58.00,
-15.00,-53.20,
-6.00,-43.00,
-4.00,-43.00,
-2.00,-30.00,
0.00,-30.00,
2.00,-30.00,
4.00,-43.00,
6.00,-43.00,
15.00,-53.20,
25.00,-58.00,
85.00,-70.00,
180.00,-70.00,
PATCUT:,AZ
POLARI:,V/V
NUPOIN:,23
-180.00,-66.00,
-105.00,-66.00,
-85.00,-49.00,
-60.00,-49.00,
-30.00,-41.00,
-15.00,-41.00,
-3.00,-25.00,
-2.00,-25.00,
-1.50,-10.00,
-1.00,-2.40,
-0.50,-0.70,
0.00,0.00,
0.50,-0.70,
1.00,-2.40,
1.50,-10.00,
2.00,-25.00,
3.00,-25.00,
15.00,-41.00,
30.00,-41.00,
60.00,-49.00,
85.00,-49.00,
105.00,-66.00,
180.00,-66.00,
PATCUT:,AZ
POLARI:,V/H
NUPOIN:,15
-180.00,-70.00,
-85.00,-70.00,
-25.00,-58.00,
-15.00,-53.20,
-6.00,-43.00,
-4.00,-43.00,
-2.00,-30.00,
0.00,-30.00,
2.00,-30.00,
4.00,-43.00,
6.00,-43.00,
15.00,-53.20,
25.00,-58.00,
85.00,-70.00,
180.00,-70.00,
ENDFIL:,EOF
