REVNUM:,NSMA WG16.99.050
REVDAT:,19990520
ANTMAN:,ANDREW CORPORATION
MODNUM:,HPX8-77
PATNUM:,2793D
FEDORN:,NA
DESCR1:,
DESCR2:,
DESCR3:,
DESCR4:,
DESCR5:,
DTDATA:,20001109
LOWFRQ:,7725
HGHFRQ:,8500
GUNITS:,DBI/DBR
LWGAIN:,
MDGAIN:,43.4
HGGAIN:,
AZWIDT:,1.1
ELWIDT:,1.1
ATVSWR:,1.06
FRTOBA:,68
ELTILT:,0
PATTYP:,ENVELOPE
NOFREQ:,NA
PATFRE:,NA
NUMCUT:,4
PATCUT:,AZ
POLARI:,H/H
NUPOIN:,31
-180.0,-68.0,
-100.0,-68.0,
-80.0,-56.0,
-55.0,-49.0,
-25.0,-47.0,
-20.0,-40.0,
-15.0,-40.0,
-11.0,-40.0,
-10.0,-35.0,
-5.0,-34.0,
-1.5,-15.0,
-1.0,-05.0,
-0.8,-03.0,
-0.5,-01.5,
-0.3,-00.5,
0.0,0.0,
0.3,-00.5,
0.5,-01.5,
0.8,-03.0,
1.0,-05.0,
1.5,-15.0,
5.0,-34.0,
10.0,-35.0,
11.0,-40.0,
15.0,-40.0,
20.0,-40.0,
25.0,-47.0,
55.0,-49.0,
80.0,-56.0,
100.0,-68.0,
180.0,-68.0,
PATCUT:,AZ
POLARI:,H/V
NUPOIN:,19
-180.0,-68.0,
-88.0,-68.0,
-55.0,-62.0,
-20.0,-62.0,
-15.0,-59.0,
-12.5,-50.0,
-5.0,-50.0,
-2.0,-40.0,
-1.5,-30.0,
0.0,-30.0,
1.5,-30.0,
2.0,-40.0,
5.0,-50.0,
12.5,-50.0,
15.0,-59.0,
20.0,-62.0,
55.0,-62.0,
88.0,-68.0,
180.0,-68.0,
PATCUT:,AZ
POLARI:,V/V
NUPOIN:,29
-180.0,-68.0,
-90.0,-68.0,
-70.0,-56.0,
-40.0,-50.0,
-23.0,-43.9,
-15.0,-43.9,
-12.0,-43.9,
-6.5,-34.0,
-1.5,-20.0,
-1.5,-15.0,
-1.0,-05.0,
-0.8,-03.0,
-0.5,-01.5,
-0.3,-00.5,
0.0,0.0,
0.3,-00.5,
0.5,-01.5,
0.8,-03.0,
1.0,-05.0,
1.5,-15.0,
1.5,-20.0,
6.5,-34.0,
12.0,-43.9,
15.0,-43.9,
23.0,-43.9,
40.0,-50.0,
70.0,-56.0,
90.0,-68.0,
180.0,-68.0,
PATCUT:,AZ
POLARI:,V/H
NUPOIN:,17
-180.0,-68.0,
-88.0,-68.0,
-55.0,-62.0,
-15.0,-59.0,
-12.8,-51.0,
-6.5,-51.0,
-1.8,-36.0,
-1.5,-30.0,
0.0,-30.0,
1.5,-30.0,
1.8,-36.0,
6.5,-51.0,
12.8,-51.0,
15.0,-59.0,
55.0,-62.0,
88.0,-68.0,
180.0,-68.0,
PATCUT:,AZ
NUPOIN:,0
ENDFIL:,EOF
