REVNUM:,NSMA WG16.99.050
REVDAT:,19990520
ANTMAN:,ANDREW CORPORATION
MODNUM:,PL15-77
PATNUM:,2763F
FEDORN:,NA
DESCR1:,
DESCR2:,
DESCR3:,
DESCR4:,
DESCR5:,
DTDATA:,20001109
LOWFRQ:,7725
HGHFRQ:,8500
GUNITS:,DBI/DBR
LWGAIN:,48.2
MDGAIN:,48.5
HGGAIN:,48.9
AZWIDT:,0.60
ELWIDT:,0.60
ATVSWR:,1.06
FRTOBA:,57.0
ELTILT:,0
PATTYP:,ENVELOPE
NOFREQ:,NA
PATFRE:,NA
NUMCUT:,4
PATCUT:,AZ
POLARI:,H/H
NUPOIN:,27
-180.00,-57.00,
-170.00,-57.00,
-170.00,-68.00,
-120.00,-68.00,
-100.00,-53.00,
-60.00,-52.00,
-35.00,-52.00,
-20.00,-50.00,
-12.50,-50.00,
-8.00,-47.00,
-2.90,-36.00,
-0.50,-19.80,
-0.50,-15.00,
0.00,0.00,
0.50,-15.00,
0.50,-19.80,
2.90,-36.00,
8.00,-47.00,
12.50,-50.00,
20.00,-50.00,
35.00,-52.00,
60.00,-52.00,
100.00,-53.00,
120.00,-68.00,
170.00,-68.00,
170.00,-57.00,
180.00,-57.00,
PATCUT:,AZ
POLARI:,H/V
NUPOIN:,17
-180.00,-70.00,
-40.00,-70.00,
-15.00,-62.00,
-10.00,-60.00,
-6.10,-60.00,
-5.00,-51.00,
-2.10,-45.00,
-1.00,-30.00,
0.00,-30.00,
1.00,-30.00,
2.10,-45.00,
5.00,-51.00,
6.10,-60.00,
10.00,-60.00,
15.00,-62.00,
40.00,-70.00,
180.00,-70.00,
PATCUT:,AZ
POLARI:,V/V
NUPOIN:,29
-180.00,-57.00,
-170.00,-57.00,
-170.00,-68.00,
-120.00,-68.00,
-100.00,-54.00,
-60.00,-54.00,
-40.00,-51.00,
-20.00,-50.00,
-15.00,-42.00,
-10.00,-40.00,
-6.80,-37.00,
-3.00,-35.00,
-0.50,-19.80,
-0.50,-15.00,
0.00,0.00,
0.50,-15.00,
0.50,-19.80,
3.00,-35.00,
6.80,-37.00,
10.00,-40.00,
15.00,-42.00,
20.00,-50.00,
40.00,-51.00,
60.00,-54.00,
100.00,-54.00,
120.00,-68.00,
170.00,-68.00,
170.00,-57.00,
180.00,-57.00,
PATCUT:,AZ
POLARI:,V/H
NUPOIN:,23
-180.00,-70.00,
-66.00,-70.00,
-60.00,-67.00,
-20.00,-67.00,
-15.00,-62.00,
-10.50,-54.90,
-8.60,-54.00,
-7.00,-47.00,
-3.10,-47.00,
-2.10,-45.00,
-1.00,-30.00,
0.00,-30.00,
1.00,-30.00,
2.10,-45.00,
3.10,-47.00,
7.00,-47.00,
8.60,-54.00,
10.50,-54.90,
15.00,-62.00,
20.00,-67.00,
60.00,-67.00,
66.00,-70.00,
180.00,-70.00,
ENDFIL:,EOF
