REVNUM:,NSMA WG16.99.050
REVDAT:,19990520
ANTMAN:,ANDREW CORPORATION
MODNUM:,PXL12-77
PATNUM:,2789D
FEDORN:,NA
DESCR1:,
DESCR2:,
DESCR3:,
DESCR4:,
DESCR5:,
DTDATA:,20001109
LOWFRQ:,7725
HGHFRQ:,8500
GUNITS:,DBI/DBR
LWGAIN:,
MDGAIN:,46.9
HGGAIN:,
AZWIDT:,0.7
ELWIDT:,0.7
ATVSWR:,1.06
FRTOBA:,63
ELTILT:,0
PATTYP:,ENVELOPE
NOFREQ:,NA
PATFRE:,NA
NUMCUT:,4
PATCUT:,AZ
POLARI:,H/H
NUPOIN:,27
-180.00,-54.00,
-110.00,-54.00,
-100.00,-50.00,
-55.00,-50.00,
-45.00,-47.00,
-20.00,-41.00,
-15.00,-41.00,
-10.00,-36.00,
-2.00,-25.00,
-1.00,-25.00,
-0.50,-4.00,
-0.40,-2.00,
-0.20,-0.20,
0.00,0.00,
0.20,-0.20,
0.40,-2.00,
0.50,-4.00,
1.00,-25.00,
2.00,-25.00,
10.00,-36.00,
15.00,-41.00,
20.00,-41.00,
45.00,-47.00,
55.00,-50.00,
100.00,-50.00,
110.00,-54.00,
180.00,-54.00,
PATCUT:,AZ
POLARI:,H/V
NUPOIN:,13
-180.00,-61.00,
-40.00,-61.00,
-20.00,-54.00,
-15.00,-54.00,
-2.50,-46.00,
-1.50,-30.00,
0.00,-30.00,
1.50,-30.00,
2.50,-46.00,
15.00,-54.00,
20.00,-54.00,
40.00,-61.00,
180.00,-61.00,
PATCUT:,AZ
POLARI:,V/V
NUPOIN:,31
-180.00,-54.00,
-110.00,-54.00,
-101.00,-50.70,
-72.00,-50.70,
-40.00,-49.00,
-25.00,-43.00,
-15.00,-42.00,
-11.50,-35.00,
-7.70,-33.00,
-5.00,-29.00,
-2.50,-27.50,
-1.00,-27.50,
-0.50,-4.00,
-0.40,-2.00,
-0.20,-0.20,
0.00,0.00,
0.20,-0.20,
0.40,-2.00,
0.50,-4.00,
1.00,-27.50,
2.50,-27.50,
5.00,-29.00,
7.70,-33.00,
11.50,-35.00,
15.00,-42.00,
25.00,-43.00,
40.00,-49.00,
72.00,-50.70,
101.00,-50.70,
110.00,-54.00,
180.00,-54.00,
PATCUT:,AZ
POLARI:,V/H
NUPOIN:,11
-180.00,-59.50,
-30.00,-59.50,
-15.00,-52.50,
-2.10,-47.00,
-1.50,-30.00,
0.00,-30.00,
1.50,-30.00,
2.10,-47.00,
15.00,-52.50,
30.00,-59.50,
180.00,-59.50,
ENDFIL:,EOF
