REVNUM:,NSMA WG16.99.050
REVDAT:,19990520
ANTMAN:,ANDREW CORPORATION
MODNUM:,HP10-4477
PATNUM:,0812
FEDORN:,NA
DESCR1:,
DESCR2:,
DESCR3:,
DESCR4:,
DESCR5:,
DTDATA:,19990630
LOWFRQ:,7725
HGHFRQ:,8500
GUNITS:,DBI/DBR
LWGAIN:,44.2
MDGAIN:,44.5
HGGAIN:,44.7
AZWIDT:,0.80
ELWIDT:,0.80
ATVSWR:,1.15
FRTOBA:,74.0
ELTILT:,0
PATTYP:,ENVELOPE
NOFREQ:,NA
PATFRE:,NA
NUMCUT:,4
PATCUT:,AZ
POLARI:,H/H
NUPOIN:,25
-180.0,-73.0,
-90.0,-73.0,
-80.0,-62.0,
-61.0,-53.0,
-34.0,-53.0,
-32.0,-50.0,
-15.0,-41.0,
-11.0,-34.0,
-2.8,-22.0,
-1.5,-22.0,
-1.0,-06.5,
-0.5,-00.8,
0.0,0.0,
0.5,-00.8,
1.0,-06.5,
1.5,-22.0,
2.8,-22.0,
11.0,-34.0,
15.0,-41.0,
32.0,-50.0,
34.0,-53.0,
61.0,-53.0,
80.0,-62.0,
90.0,-73.0,
180.0,-73.0,
PATCUT:,AZ
POLARI:,H/V
NUPOIN:,23
-180.0,-76.0,
-84.0,-76.0,
-75.0,-66.0,
-45.0,-66.0,
-42.0,-63.0,
-22.1,-63.0,
-18.0,-57.0,
-15.0,-57.0,
-12.0,-52.0,
-2.8,-52.0,
-1.1,-35.0,
0.0,-35.0,
1.1,-35.0,
2.8,-52.0,
12.0,-52.0,
15.0,-57.0,
18.0,-57.0,
22.1,-63.0,
42.0,-63.0,
45.0,-66.0,
75.0,-66.0,
84.0,-76.0,
180.0,-76.0,
PATCUT:,AZ
POLARI:,V/V
NUPOIN:,25
-180.0,-74.0,
-94.0,-74.0,
-65.0,-57.0,
-45.0,-57.0,
-27.0,-44.0,
-21.0,-44.0,
-15.0,-34.0,
-8.0,-29.0,
-3.0,-18.0,
-1.5,-18.0,
-1.0,-06.5,
-0.5,-00.8,
0.0,0.0,
0.5,-00.8,
1.0,-06.5,
1.5,-18.0,
3.0,-18.0,
8.0,-29.0,
15.0,-34.0,
21.0,-44.0,
27.0,-44.0,
45.0,-57.0,
65.0,-57.0,
94.0,-74.0,
180.0,-74.0,
PATCUT:,AZ
POLARI:,V/H
NUPOIN:,23
-180.0,-76.0,
-90.0,-76.0,
-80.0,-64.0,
-58.0,-64.0,
-56.0,-62.0,
-31.0,-60.0,
-22.0,-52.0,
-15.0,-48.0,
-4.0,-42.0,
-2.3,-42.0,
-1.3,-35.0,
0.0,-35.0,
1.3,-35.0,
2.3,-42.0,
4.0,-42.0,
15.0,-48.0,
22.0,-52.0,
31.0,-60.0,
56.0,-62.0,
58.0,-64.0,
80.0,-64.0,
90.0,-76.0,
180.0,-76.0,
ENDFIL:,EOF
