REVNUM:,NSMA WG16.99.050
REVDAT:,19990520
ANTMAN:,ANDREW CORPORATION
MODNUM:,HP15-77
PATNUM:,3768G
FEDORN:,NA
DESCR1:,
DESCR2:,
DESCR3:,
DESCR4:,
DESCR5:,
DTDATA:,20001109
LOWFRQ:,7725
HGHFRQ:,8500
GUNITS:,DBI/DBR
LWGAIN:,48.2
MDGAIN:,48.5
HGGAIN:,48.9
AZWIDT:,0.60
ELWIDT:,0.60
ATVSWR:,1.06
FRTOBA:,71.0
ELTILT:,0
PATTYP:,ENVELOPE
NOFREQ:,NA
PATFRE:,NA
NUMCUT:,4
PATCUT:,AZ
POLARI:,H/H
NUPOIN:,25
-180.00,-71.00,
-100.00,-71.00,
-75.00,-54.00,
-55.00,-50.00,
-25.00,-50.00,
-15.00,-45.00,
-10.50,-45.00,
-5.00,-34.00,
-3.50,-34.00,
-2.00,-25.00,
-1.00,-25.00,
-0.50,-15.00,
0.00,0.00,
0.50,-15.00,
1.00,-25.00,
2.00,-25.00,
3.50,-34.00,
5.00,-34.00,
10.50,-45.00,
15.00,-45.00,
25.00,-50.00,
55.00,-50.00,
75.00,-54.00,
100.00,-71.00,
180.00,-71.00,
PATCUT:,AZ
POLARI:,H/V
NUPOIN:,23
-180.00,-75.00,
-100.00,-75.00,
-68.00,-69.00,
-49.00,-67.00,
-40.00,-63.00,
-15.00,-57.00,
-5.00,-57.00,
-4.00,-50.00,
-2.00,-46.00,
-1.50,-46.00,
-1.00,-30.00,
0.00,-30.00,
1.00,-30.00,
1.50,-46.00,
2.00,-46.00,
4.00,-50.00,
5.00,-57.00,
15.00,-57.00,
40.00,-63.00,
49.00,-67.00,
68.00,-69.00,
100.00,-75.00,
180.00,-75.00,
PATCUT:,AZ
POLARI:,V/V
NUPOIN:,27
-180.00,-71.00,
-100.00,-71.00,
-70.00,-60.00,
-45.00,-58.00,
-30.00,-50.00,
-20.00,-47.00,
-15.00,-38.00,
-8.50,-38.00,
-5.00,-34.00,
-3.50,-34.00,
-2.00,-25.00,
-1.00,-25.00,
-0.50,-15.00,
0.00,0.00,
0.50,-15.00,
1.00,-25.00,
2.00,-25.00,
3.50,-34.00,
5.00,-34.00,
8.50,-38.00,
15.00,-38.00,
20.00,-47.00,
30.00,-50.00,
45.00,-58.00,
70.00,-60.00,
100.00,-71.00,
180.00,-71.00,
PATCUT:,AZ
POLARI:,V/H
NUPOIN:,21
-180.00,-75.00,
-100.00,-75.00,
-68.00,-69.00,
-40.00,-66.00,
-15.00,-66.00,
-13.00,-56.00,
-10.00,-53.00,
-7.50,-46.00,
-1.50,-46.00,
-1.00,-30.00,
0.00,-30.00,
1.00,-30.00,
1.50,-46.00,
7.50,-46.00,
10.00,-53.00,
13.00,-56.00,
15.00,-66.00,
40.00,-66.00,
68.00,-69.00,
100.00,-75.00,
180.00,-75.00,
ENDFIL:,EOF
