REVNUM:,NSMA WG16.99.050
REVDAT:,19990520
ANTMAN:,ANDREW CORPORATION
MODNUM:,FPX6-77
PATNUM:,6161
FEDORN:,NA
DESCR1:,
DESCR2:,
DESCR3:,
DESCR4:,
DESCR5:,
DTDATA:,19820825
LOWFRQ:,7725
HGHFRQ:,8500
GUNITS:,DBI/DBR
LWGAIN:,40.2
MDGAIN:,40.4
HGGAIN:,40.6
AZWIDT:,1.50
ELWIDT:,1.50
ATVSWR:,1.08
FRTOBA:,58.0
ELTILT:,0
PATTYP:,ENVELOPE
NOFREQ:,NA
PATFRE:,NA
NUMCUT:,4
PATCUT:,AZ
POLARI:,H/H
NUPOIN:,29
-180.00,-58.00,
-101.00,-58.00,
-80.00,-44.00,
-52.50,-42.10,
-45.00,-37.00,
-30.00,-34.00,
-15.00,-34.00,
-10.00,-32.00,
-4.50,-24.00,
-3.20,-24.00,
-2.90,-21.00,
-1.50,-9.40,
-1.00,-4.00,
-0.50,-1.40,
0.00,0.00,
0.50,-1.40,
1.00,-4.00,
1.50,-9.40,
2.90,-21.00,
3.20,-24.00,
4.50,-24.00,
10.00,-32.00,
15.00,-34.00,
30.00,-34.00,
45.00,-37.00,
52.50,-42.10,
80.00,-44.00,
101.00,-58.00,
180.00,-58.00,
PATCUT:,AZ
POLARI:,H/V
NUPOIN:,13
-180.00,-58.00,
-40.00,-58.00,
-36.00,-55.00,
-15.00,-47.00,
-5.00,-41.00,
-3.00,-30.00,
0.00,-30.00,
3.00,-30.00,
5.00,-41.00,
15.00,-47.00,
36.00,-55.00,
40.00,-58.00,
180.00,-58.00,
PATCUT:,AZ
POLARI:,V/V
NUPOIN:,29
-180.00,-61.00,
-100.00,-61.00,
-95.00,-55.00,
-65.00,-43.00,
-46.00,-43.00,
-37.50,-38.00,
-20.00,-38.00,
-15.00,-32.00,
-10.00,-32.00,
-5.00,-21.00,
-2.90,-21.00,
-1.50,-9.40,
-1.00,-4.00,
-0.50,-1.40,
0.00,0.00,
0.50,-1.40,
1.00,-4.00,
1.50,-9.40,
2.90,-21.00,
5.00,-21.00,
10.00,-32.00,
15.00,-32.00,
20.00,-38.00,
37.50,-38.00,
46.00,-43.00,
65.00,-43.00,
95.00,-55.00,
100.00,-61.00,
180.00,-61.00,
PATCUT:,AZ
POLARI:,V/H
NUPOIN:,15
-180.00,-63.00,
-100.00,-63.00,
-80.00,-61.00,
-53.00,-51.00,
-15.00,-51.00,
-5.00,-41.00,
-3.00,-30.00,
0.00,-30.00,
3.00,-30.00,
5.00,-41.00,
15.00,-51.00,
53.00,-51.00,
80.00,-61.00,
100.00,-63.00,
180.00,-63.00,
ENDFIL:,EOF
