REVNUM:,NSMA WG16.99.050
REVDAT:,19990520
ANTMAN:,ANDREW CORPORATION
MODNUM:,HPX6-77
PATNUM:,2791D
FEDORN:,NA
DESCR1:,
DESCR2:,
DESCR3:,
DESCR4:,
DESCR5:,
DTDATA:,20001109
LOWFRQ:,7725
HGHFRQ:,8500
GUNITS:,DBI/DBR
LWGAIN:,40.2
MDGAIN:,40.7
HGGAIN:,41.1
AZWIDT:,1.5
ELWIDT:,1.5
ATVSWR:,1.07
FRTOBA:,66
ELTILT:,0
PATTYP:,ENVELOPE
NOFREQ:,NA
PATFRE:,NA
NUMCUT:,4
PATCUT:,AZ
POLARI:,H/H
NUPOIN:,33
-180.0,-64.0,
-100.0,-64.0,
-60.0,-46.0,
-30.0,-33.0,
-15.0,-30.0,
-10.0,-28.0,
-8.0,-24.0,
-5.5,-22.0,
-2.5,-16.0,
-2.0,-16.0,
-1.8,-13.0,
-1.4,-7.8,
-1.0,-4.0,
-0.6,-1.4,
-0.4,-0.6,
-0.2,-0.2,
0.0,0.0,
0.2,-0.2,
0.4,-0.6,
0.6,-1.4,
1.0,-4.0,
1.4,-7.8,
1.8,-13.0,
2.0,-16.0,
2.5,-16.0,
5.5,-22.0,
8.0,-24.0,
10.0,-28.0,
15.0,-30.0,
30.0,-33.0,
60.0,-46.0,
100.0,-64.0,
180.0,-64.0,
PATCUT:,AZ
POLARI:,H/V
NUPOIN:,15
-180.0,-64.0,
-90.0,-64.0,
-80.0,-60.0,
-40.0,-54.0,
-15.0,-52.0,
-5.0,-47.0,
-2.0,-30.0,
0.0,-30.0,
2.0,-30.0,
5.0,-47.0,
15.0,-52.0,
40.0,-54.0,
80.0,-60.0,
90.0,-64.0,
180.0,-64.0,
PATCUT:,AZ
POLARI:,V/V
NUPOIN:,33
-180.0,-64.0,
-100.0,-64.0,
-60.0,-46.0,
-25.0,-34.0,
-15.0,-32.0,
-10.0,-28.0,
-8.0,-24.0,
-5.5,-22.0,
-2.5,-16.0,
-2.0,-16.0,
-1.8,-13.0,
-1.4,-7.8,
-1.0,-4.0,
-0.6,-1.4,
-0.4,-0.6,
-0.2,-0.2,
0.0,0.0,
0.2,-0.2,
0.4,-0.6,
0.6,-1.4,
1.0,-4.0,
1.4,-7.8,
1.8,-13.0,
2.0,-16.0,
2.5,-16.0,
5.5,-22.0,
8.0,-24.0,
10.0,-28.0,
15.0,-32.0,
25.0,-34.0,
60.0,-46.0,
100.0,-64.0,
180.0,-64.0,
PATCUT:,AZ
POLARI:,V/H
NUPOIN:,17
-180.0,-64.0,
-90.0,-64.0,
-80.0,-60.0,
-40.0,-54.0,
-15.0,-50.0,
-12.0,-47.0,
-5.0,-47.0,
-2.0,-30.0,
0.0,-30.0,
2.0,-30.0,
5.0,-47.0,
12.0,-47.0,
15.0,-50.0,
40.0,-54.0,
80.0,-60.0,
90.0,-64.0,
180.0,-64.0,
ENDFIL:,EOF
