REVNUM:,NSMA WG16.99.050
REVDAT:,19990520
ANTMAN:,ANDREW CORPORATION
MODNUM:,HP12-77
PATNUM:,3767H
FEDORN:,NA
DESCR1:,
DESCR2:,
DESCR3:,
DESCR4:,
DESCR5:,
DTDATA:,20001109
LOWFRQ:,7725
HGHFRQ:,8500
GUNITS:,DBI/DBR
LWGAIN:,46.3
MDGAIN:,46.7
HGGAIN:,47.1
AZWIDT:,0.70
ELWIDT:,0.70
ATVSWR:,1.06
FRTOBA:,71.0
ELTILT:,0
PATTYP:,ENVELOPE
NOFREQ:,NA
PATFRE:,NA
NUMCUT:,4
PATCUT:,AZ
POLARI:,H/H
NUPOIN:,27
-180.00,-71.00,
-98.00,-71.00,
-78.00,-65.30,
-68.00,-51.00,
-40.00,-48.00,
-15.00,-43.30,
-11.50,-41.00,
-9.20,-41.00,
-5.00,-33.30,
-2.50,-25.00,
-1.30,-25.00,
-1.00,-20.00,
-0.50,-0.40,
0.00,0.00,
0.50,-0.40,
1.00,-20.00,
1.30,-25.00,
2.50,-25.00,
5.00,-33.30,
9.20,-41.00,
11.50,-41.00,
15.00,-43.30,
40.00,-48.00,
68.00,-51.00,
78.00,-65.30,
98.00,-71.00,
180.00,-71.00,
PATCUT:,AZ
POLARI:,H/V
NUPOIN:,21
-180.00,-71.00,
-77.50,-71.00,
-45.00,-60.00,
-18.00,-60.00,
-15.00,-58.50,
-13.10,-55.70,
-5.80,-55.70,
-4.50,-45.80,
-2.00,-45.80,
-1.40,-30.00,
0.00,-30.00,
1.40,-30.00,
2.00,-45.80,
4.50,-45.80,
5.80,-55.70,
13.10,-55.70,
15.00,-58.50,
18.00,-60.00,
45.00,-60.00,
77.50,-71.00,
180.00,-71.00,
PATCUT:,AZ
POLARI:,V/V
NUPOIN:,27
-180.00,-71.00,
-98.00,-71.00,
-78.00,-65.00,
-68.00,-58.70,
-48.00,-58.00,
-15.00,-39.00,
-10.30,-39.00,
-9.20,-36.00,
-7.00,-36.00,
-2.50,-25.00,
-1.30,-25.00,
-1.00,-20.00,
-0.50,-4.00,
0.00,0.00,
0.50,-4.00,
1.00,-20.00,
1.30,-25.00,
2.50,-25.00,
7.00,-36.00,
9.20,-36.00,
10.30,-39.00,
15.00,-39.00,
48.00,-58.00,
68.00,-58.70,
78.00,-65.00,
98.00,-71.00,
180.00,-71.00,
PATCUT:,AZ
POLARI:,V/H
NUPOIN:,19
-180.00,-71.00,
-77.50,-71.00,
-57.00,-64.00,
-23.00,-64.00,
-15.00,-58.00,
-11.10,-58.00,
-9.30,-44.00,
-1.80,-44.00,
-1.40,-30.00,
0.00,-30.00,
1.40,-30.00,
1.80,-44.00,
9.30,-44.00,
11.10,-58.00,
15.00,-58.00,
23.00,-64.00,
57.00,-64.00,
77.50,-71.00,
180.00,-71.00,
ENDFIL:,EOF
