REVNUM:,NSMA WG16.99.050
REVDAT:,19990520
ANTMAN:,ANDREW CORPORATION
MODNUM:,PXL8-77
PATNUM:,2787D
FEDORN:,NA
DESCR1:,
DESCR2:,
DESCR3:,
DESCR4:,
DESCR5:,
DTDATA:,20001109
LOWFRQ:,7725
HGHFRQ:,8500
GUNITS:,DBI/DBR
LWGAIN:,
MDGAIN:,43.3
HGGAIN:,
AZWIDT:,1.1
ELWIDT:,1.1
ATVSWR:,1.06
FRTOBA:,50
ELTILT:,0
PATTYP:,ENVELOPE
NOFREQ:,NA
PATFRE:,NA
NUMCUT:,4
PATCUT:,AZ
POLARI:,H/H
NUPOIN:,35
-180.00,-56.00,
-170.00,-56.00,
-170.00,-58.00,
-130.00,-58.00,
-105.00,-45.00,
-55.00,-45.00,
-45.00,-41.00,
-30.00,-41.00,
-20.00,-37.00,
-15.00,-37.00,
-12.00,-35.00,
-9.50,-29.00,
-4.50,-29.00,
-1.50,-20.00,
-0.80,-3.00,
-0.50,-1.50,
-0.20,-0.20,
0.00,0.00,
0.20,-0.20,
0.50,-1.50,
0.80,-3.00,
1.50,-20.00,
4.50,-29.00,
9.50,-29.00,
12.00,-35.00,
15.00,-37.00,
20.00,-37.00,
30.00,-41.00,
45.00,-41.00,
55.00,-45.00,
105.00,-45.00,
130.00,-58.00,
170.00,-58.00,
170.00,-56.00,
180.00,-56.00,
PATCUT:,AZ
POLARI:,H/V
NUPOIN:,13
-180.00,-61.00,
-35.00,-61.00,
-15.00,-55.00,
-10.00,-50.00,
-4.00,-48.00,
-1.50,-30.00,
0.00,-30.00,
1.50,-30.00,
4.00,-48.00,
10.00,-50.00,
15.00,-55.00,
35.00,-61.00,
180.00,-61.00,
PATCUT:,AZ
POLARI:,V/V
NUPOIN:,29
-180.00,-60.00,
-130.00,-60.00,
-105.00,-46.00,
-55.00,-46.00,
-40.00,-44.00,
-25.00,-41.00,
-15.00,-41.00,
-13.50,-41.00,
-9.50,-32.00,
-5.00,-32.00,
-1.50,-20.00,
-0.80,-3.00,
-0.50,-1.50,
-0.20,-0.20,
0.00,0.00,
0.20,-0.20,
0.50,-1.50,
0.80,-3.00,
1.50,-20.00,
5.00,-32.00,
9.50,-32.00,
13.50,-41.00,
15.00,-41.00,
25.00,-41.00,
40.00,-44.00,
55.00,-46.00,
105.00,-46.00,
130.00,-59.00,
180.00,-59.00,
PATCUT:,AZ
POLARI:,V/H
NUPOIN:,13
-180.00,-59.00,
-130.00,-59.00,
-60.00,-55.00,
-15.00,-55.00,
-7.00,-55.00,
-1.50,-30.00,
0.00,-30.00,
1.50,-30.00,
7.00,-55.00,
15.00,-55.00,
60.00,-55.00,
130.00,-59.00,
180.00,-59.00,
ENDFIL:,EOF
