REVNUM:,NSMA WG16.99.050
REVDAT:,19990520
ANTMAN:,ANDREW CORPORATION
MODNUM:,PXL6-77
PATNUM:,2786D
FEDORN:,NA
DESCR1:,
DESCR2:,
DESCR3:,
DESCR4:,
DESCR5:,
DTDATA:,20001109
LOWFRQ:,7725
HGHFRQ:,8500
GUNITS:,DBI/DBR
LWGAIN:,
MDGAIN:,40.8
HGGAIN:,
AZWIDT:,1.50
ELWIDT:,1.50
ATVSWR:,1.07
FRTOBA:,48.0
ELTILT:,0
PATTYP:,ENVELOPE
NOFREQ:,NA
PATFRE:,NA
NUMCUT:,4
PATCUT:,AZ
POLARI:,H/H
NUPOIN:,23
-180.00,-50.00,
-125.00,-50.00,
-110.00,-42.00,
-25.00,-42.00,
-15.00,-37.00,
-7.50,-37.00,
-2.50,-20.00,
-2.00,-20.00,
-1.00,-4.50,
-0.70,-1.70,
-0.20,-0.20,
0.00,0.00,
0.20,-0.20,
0.70,-1.70,
1.00,-4.50,
2.00,-20.00,
2.50,-20.00,
7.50,-37.00,
15.00,-37.00,
25.00,-42.00,
110.00,-42.00,
125.00,-50.00,
180.00,-50.00,
PATCUT:,AZ
POLARI:,H/V
NUPOIN:,15
-180.00,-62.00,
-140.00,-62.00,
-105.00,-56.00,
-27.50,-56.00,
-15.00,-51.00,
-4.00,-49.00,
-1.50,-30.00,
0.00,-30.00,
1.50,-30.00,
4.00,-49.00,
15.00,-51.00,
27.50,-56.00,
105.00,-56.00,
140.00,-62.00,
180.00,-62.00,
PATCUT:,AZ
POLARI:,V/V
NUPOIN:,21
-180.00,-52.00,
-130.00,-52.00,
-110.00,-42.00,
-25.00,-42.00,
-15.00,-40.00,
-2.00,-23.00,
-2.00,-20.00,
-1.00,-4.50,
-0.70,-1.70,
-0.20,-0.20,
0.00,0.00,
0.20,-0.20,
0.70,-1.70,
1.00,-4.50,
2.00,-20.00,
2.00,-23.00,
15.00,-40.00,
25.00,-42.00,
110.00,-42.00,
130.00,-52.00,
180.00,-52.00,
PATCUT:,AZ
POLARI:,V/H
NUPOIN:,15
-180.00,-62.00,
-140.00,-62.00,
-105.00,-56.00,
-27.50,-56.00,
-15.00,-55.00,
-4.00,-49.00,
-1.50,-30.00,
0.00,-30.00,
1.50,-30.00,
4.00,-49.00,
15.00,-55.00,
27.50,-56.00,
105.00,-56.00,
140.00,-62.00,
180.00,-62.00,
ENDFIL:,EOF
