REVNUM:,NSMA WG16.99.050
REVDAT:,19990520
ANTMAN:,ANDREW CORPORATION
MODNUM:,HP10-77
PATNUM:,2868H
FEDORN:,NA
DESCR1:,
DESCR2:,
DESCR3:,
DESCR4:,
DESCR5:,
DTDATA:,20001109
LOWFRQ:,7725
HGHFRQ:,8500
GUNITS:,DBI/DBR
LWGAIN:,44.8
MDGAIN:,45.2
HGGAIN:,45.5
AZWIDT:,0.90
ELWIDT:,0.90
ATVSWR:,1.06
FRTOBA:,70.0
ELTILT:,0
PATTYP:,ENVELOPE
NOFREQ:,NA
PATFRE:,NA
NUMCUT:,4
PATCUT:,AZ
POLARI:,H/H
NUPOIN:,25
-180.00,-70.00,
-100.00,-70.00,
-70.00,-49.00,
-40.00,-48.00,
-34.00,-45.00,
-15.00,-42.90,
-11.50,-39.00,
-8.00,-39.00,
-1.70,-25.00,
-1.50,-18.20,
-1.00,-6.50,
-0.50,-0.80,
0.00,0.00,
0.50,-0.80,
1.00,-6.50,
1.50,-18.20,
1.70,-25.00,
8.00,-39.00,
11.50,-39.00,
15.00,-42.90,
34.00,-45.00,
40.00,-48.00,
70.00,-49.00,
100.00,-70.00,
180.00,-70.00,
PATCUT:,AZ
POLARI:,H/V
NUPOIN:,19
-180.00,-75.00,
-100.00,-75.00,
-50.00,-60.00,
-25.00,-60.00,
-25.00,-56.00,
-11.00,-56.00,
-5.00,-46.00,
-1.60,-46.00,
-1.20,-30.00,
0.00,-30.00,
1.20,-30.00,
1.60,-46.00,
5.00,-46.00,
11.00,-56.00,
25.00,-56.00,
25.00,-60.00,
50.00,-60.00,
100.00,-75.00,
180.00,-75.00,
PATCUT:,AZ
POLARI:,V/V
NUPOIN:,25
-180.00,-70.00,
-100.00,-70.00,
-55.00,-51.90,
-36.00,-51.90,
-25.00,-39.90,
-15.00,-39.90,
-9.00,-32.80,
-4.10,-32.80,
-1.70,-25.00,
-1.50,-18.20,
-1.00,-6.50,
-0.50,-0.80,
0.00,0.00,
0.50,-0.80,
1.00,-6.50,
1.50,-18.20,
1.70,-25.00,
4.10,-32.80,
9.00,-32.80,
15.00,-39.90,
25.00,-39.90,
36.00,-51.90,
55.00,-51.90,
100.00,-70.00,
180.00,-70.00,
PATCUT:,AZ
POLARI:,V/H
NUPOIN:,19
-180.00,-75.00,
-100.00,-75.00,
-90.00,-70.00,
-30.00,-60.00,
-20.00,-60.00,
-12.50,-50.00,
-10.00,-50.00,
-1.60,-45.00,
-1.20,-30.00,
0.00,-30.00,
1.20,-30.00,
1.60,-45.00,
10.00,-50.00,
12.50,-50.00,
20.00,-60.00,
30.00,-60.00,
90.00,-70.00,
100.00,-75.00,
180.00,-75.00,
ENDFIL:,EOF
