REVNUM:,NSMA WG16.99.050
REVDAT:,19990520
ANTMAN:,ANDREW CORPORATION
MODNUM:,HPX10-77
PATNUM:,2795D
FEDORN:,NA
DESCR1:,
DESCR2:,
DESCR3:,
DESCR4:,
DESCR5:,
DTDATA:,20001109
LOWFRQ:,7725
HGHFRQ:,8500
GUNITS:,DBI/DBR
LWGAIN:,
MDGAIN:,45.3
HGGAIN:,
AZWIDT:,0.9
ELWIDT:,0.9
ATVSWR:,1.06
FRTOBA:,70
ELTILT:,0
PATTYP:,ENVELOPE
NOFREQ:,NA
PATFRE:,NA
NUMCUT:,4
PATCUT:,AZ
POLARI:,H/H
NUPOIN:,19
-180.0,-70.0,
-83.0,-70.0,
-70.0,-55.0,
-15.0,-44.2,
-3.0,-25.0,
-1.5,-25.0,
-0.6,-03.0,
-0.5,-02.0,
-0.2,-00.2,
0.0,0.0,
0.2,-00.2,
0.5,-02.0,
0.6,-03.0,
1.5,-25.0,
3.0,-25.0,
15.0,-44.2,
70.0,-55.0,
83.0,-70.0,
180.0,-70.0,
PATCUT:,AZ
POLARI:,H/V
NUPOIN:,15
-180.0,-70.0,
-79.0,-70.0,
-30.0,-58.0,
-15.0,-54.9,
-10.0,-49.0,
-3.0,-48.0,
-1.5,-30.0,
0.0,-30.0,
1.5,-30.0,
3.0,-48.0,
10.0,-49.0,
15.0,-54.9,
30.0,-58.0,
79.0,-70.0,
180.0,-70.0,
PATCUT:,AZ
POLARI:,V/V
NUPOIN:,21
-180.0,-70.0,
-83.0,-70.0,
-72.0,-57.3,
-25.0,-48.0,
-15.0,-48.0,
-2.0,-25.0,
-1.5,-25.0,
-0.6,-03.0,
-0.5,-02.0,
-0.2,-00.2,
0.0,0.0,
0.2,-00.2,
0.5,-02.0,
0.6,-03.0,
1.5,-25.0,
2.0,-25.0,
15.0,-48.0,
25.0,-48.0,
72.0,-57.3,
83.0,-70.0,
180.0,-70.0,
PATCUT:,AZ
POLARI:,V/H
NUPOIN:,15
-180.0,-70.0,
-79.0,-70.0,
-20.0,-53.0,
-15.0,-52.1,
-12.0,-49.0,
-2.7,-45.0,
-1.5,-30.0,
0.0,-30.0,
1.5,-30.0,
2.7,-45.0,
12.0,-49.0,
15.0,-52.1,
20.0,-53.0,
79.0,-70.0,
180.0,-70.0,
ENDFIL:,EOF
