REVNUM:,NSMA WG16.99.050
REVDAT:,19990520
ANTMAN:,ANDREW CORPORATION
MODNUM:,FP12-77
PATNUM:,6155
FEDORN:,NA
DESCR1:,
DESCR2:,
DESCR3:,
DESCR4:,
DESCR5:,
DTDATA:,19771130
LOWFRQ:,7725
HGHFRQ:,8500
GUNITS:,DBI/DBR
LWGAIN:,46.5
MDGAIN:,46.9
HGGAIN:,47.0
AZWIDT:,0.70
ELWIDT:,0.70
ATVSWR:,1.04
FRTOBA:,68.0
ELTILT:,0
PATTYP:,ENVELOPE
NOFREQ:,NA
PATFRE:,NA
NUMCUT:,4
PATCUT:,AZ
POLARI:,H/H
NUPOIN:,23
-180.00,-68.00,
-130.00,-68.00,
-85.00,-50.00,
-65.00,-50.00,
-40.00,-42.00,
-15.00,-40.00,
-3.00,-22.00,
-2.00,-22.00,
-1.50,-9.80,
-1.00,-2.60,
-0.50,-0.90,
0.00,0.00,
0.50,-0.90,
1.00,-2.60,
1.50,-9.80,
2.00,-22.00,
3.00,-22.00,
15.00,-40.00,
40.00,-42.00,
65.00,-50.00,
85.00,-50.00,
130.00,-68.00,
180.00,-68.00,
PATCUT:,AZ
POLARI:,H/V
NUPOIN:,17
-180.00,-68.00,
-90.00,-68.00,
-54.00,-60.00,
-35.00,-60.00,
-15.00,-52.00,
-12.00,-52.00,
-5.00,-42.00,
-2.50,-28.00,
0.00,-28.00,
2.50,-28.00,
5.00,-42.00,
12.00,-52.00,
15.00,-52.00,
35.00,-60.00,
54.00,-60.00,
90.00,-68.00,
180.00,-68.00,
PATCUT:,AZ
POLARI:,V/V
NUPOIN:,23
-180.00,-68.00,
-130.00,-68.00,
-85.00,-50.00,
-65.00,-50.00,
-40.00,-42.00,
-15.00,-40.00,
-3.00,-22.00,
-2.00,-22.00,
-1.50,-9.80,
-1.00,-2.60,
-0.50,-0.90,
0.00,0.00,
0.50,-0.90,
1.00,-2.60,
1.50,-9.80,
2.00,-22.00,
3.00,-22.00,
15.00,-40.00,
40.00,-42.00,
65.00,-50.00,
85.00,-50.00,
130.00,-68.00,
180.00,-68.00,
PATCUT:,AZ
POLARI:,V/H
NUPOIN:,17
-180.00,-68.00,
-90.00,-68.00,
-54.00,-60.00,
-35.00,-60.00,
-15.00,-52.00,
-12.00,-52.00,
-5.00,-42.00,
-2.50,-28.00,
0.00,-28.00,
2.50,-28.00,
5.00,-42.00,
12.00,-52.00,
15.00,-52.00,
35.00,-60.00,
54.00,-60.00,
90.00,-68.00,
180.00,-68.00,
ENDFIL:,EOF
