REVNUM:,NSMA WG16.99.050
REVDAT:,19990520
ANTMAN:,ANDREW CORPORATION
MODNUM:,PXL12-82
PATNUM:,2857C
FEDORN:,NA
DESCR1:,
DESCR2:,
DESCR3:,
DESCR4:,
DESCR5:,
DTDATA:,19800812
LOWFRQ:,8200
HGHFRQ:,8500
GUNITS:,DBI/DBR
LWGAIN:,47.3
MDGAIN:,47.4
HGGAIN:,47.5
AZWIDT:,0.70
ELWIDT:,0.70
ATVSWR:,1.06
FRTOBA:,63.0
ELTILT:,0
PATTYP:,ENVELOPE
NOFREQ:,NA
PATFRE:,NA
NUMCUT:,4
PATCUT:,AZ
POLARI:,H/H
NUPOIN:,21
-180.00,-63.00,
-114.00,-63.00,
-105.00,-48.00,
-28.00,-48.00,
-20.00,-40.00,
-12.80,-40.00,
-2.50,-25.00,
-1.40,-25.00,
-1.00,-11.00,
-0.50,-3.10,
0.00,0.00,
0.50,-3.10,
1.00,-11.00,
1.40,-25.00,
2.50,-25.00,
12.80,-40.00,
20.00,-40.00,
28.00,-48.00,
105.00,-48.00,
114.00,-63.00,
180.00,-63.00,
PATCUT:,AZ
POLARI:,H/V
NUPOIN:,11
-180.00,-65.00,
-15.00,-65.00,
-6.50,-53.00,
-2.50,-52.00,
-0.90,-30.00,
0.00,-30.00,
0.90,-30.00,
2.50,-52.00,
6.50,-53.00,
15.00,-65.00,
180.00,-65.00,
PATCUT:,AZ
POLARI:,V/V
NUPOIN:,19
-180.00,-63.00,
-114.00,-63.00,
-107.00,-51.00,
-22.50,-51.00,
-15.00,-45.00,
-9.90,-40.00,
-1.40,-25.00,
-1.00,-11.00,
-0.50,-3.10,
0.00,0.00,
0.50,-3.10,
1.00,-11.00,
1.40,-25.00,
9.90,-40.00,
15.00,-45.00,
22.50,-51.00,
107.00,-51.00,
114.00,-63.00,
180.00,-63.00,
PATCUT:,AZ
POLARI:,V/H
NUPOIN:,17
-180.00,-64.00,
-15.00,-64.00,
-13.00,-59.00,
-10.00,-58.00,
-8.50,-58.00,
-6.70,-54.00,
-2.00,-54.00,
-0.90,-30.00,
0.00,-30.00,
0.90,-30.00,
2.00,-54.00,
6.70,-54.00,
8.50,-58.00,
10.00,-58.00,
13.00,-59.00,
15.00,-64.00,
180.00,-64.00,
ENDFIL:,EOF
