REVNUM:,NSMA WG16.99.050
REVDAT:,19990520
ANTMAN:,ANDREW CORPORATION
MODNUM:,LBX10-82
PATNUM:,4662
FEDORN:,NA
DESCR1:,
DESCR2:,
DESCR3:,
DESCR4:,
DESCR5:,
DTDATA:,20000726
LOWFRQ:,8200
HGHFRQ:,8500
GUNITS:,DBI/DBR
LWGAIN:,45.6
MDGAIN:,45.8
HGGAIN:,45.9
AZWIDT:,0.90
ELWIDT:,0.90
ATVSWR:,1.06
FRTOBA:,63.0
ELTILT:,0
PATTYP:,ENVELOPE
NOFREQ:,NA
PATFRE:,NA
NUMCUT:,4
PATCUT:,AZ
POLARI:,H/H
NUPOIN:,29
-180.00,-63.00,
-120.00,-63.00,
-100.00,-48.00,
-55.00,-48.00,
-40.00,-43.00,
-25.00,-43.00,
-25.00,-39.00,
-15.00,-39.00,
-9.00,-33.00,
-4.00,-29.00,
-2.50,-23.00,
-1.50,-23.00,
-1.00,-13.00,
-0.50,-3.00,
0.00,0.00,
0.50,-3.00,
1.00,-13.00,
1.50,-23.00,
2.50,-23.00,
4.00,-29.00,
9.00,-33.00,
15.00,-39.00,
25.00,-39.00,
25.00,-43.00,
40.00,-43.00,
55.00,-48.00,
100.00,-48.00,
120.00,-63.00,
180.00,-63.00,
PATCUT:,AZ
POLARI:,H/V
NUPOIN:,21
-180.00,-63.00,
-50.00,-63.00,
-30.00,-57.00,
-20.00,-51.00,
-15.00,-45.00,
-15.00,-43.00,
-9.00,-43.00,
-9.00,-39.00,
-4.00,-39.00,
-2.00,-33.00,
0.00,-33.00,
2.00,-33.00,
4.00,-39.00,
9.00,-39.00,
9.00,-43.00,
15.00,-43.00,
15.00,-45.00,
20.00,-51.00,
30.00,-57.00,
50.00,-63.00,
180.00,-63.00,
PATCUT:,AZ
POLARI:,V/V
NUPOIN:,27
-180.00,-63.00,
-120.00,-63.00,
-100.00,-49.00,
-45.00,-49.00,
-40.00,-44.00,
-25.00,-43.00,
-25.00,-41.00,
-15.00,-39.00,
-3.00,-29.00,
-2.50,-23.00,
-1.50,-23.00,
-1.00,-13.00,
-0.50,-3.00,
0.00,0.00,
0.50,-3.00,
1.00,-13.00,
1.50,-23.00,
2.50,-23.00,
3.00,-29.00,
15.00,-39.00,
25.00,-41.00,
25.00,-43.00,
40.00,-44.00,
45.00,-49.00,
100.00,-49.00,
120.00,-63.00,
180.00,-63.00,
PATCUT:,AZ
POLARI:,V/H
NUPOIN:,21
-180.00,-63.00,
-60.00,-63.00,
-25.00,-57.00,
-20.00,-51.00,
-15.00,-45.00,
-15.00,-43.00,
-9.00,-43.00,
-9.00,-39.00,
-4.00,-39.00,
-2.00,-33.00,
0.00,-33.00,
2.00,-33.00,
4.00,-39.00,
9.00,-39.00,
9.00,-43.00,
15.00,-43.00,
15.00,-45.00,
20.00,-51.00,
25.00,-57.00,
60.00,-63.00,
180.00,-63.00,
ENDFIL:,EOF
