REVNUM:,NSMA WG16.99.050
REVDAT:,19990520
ANTMAN:,ANDREW CORPORATION
MODNUM:,HPX15-82
PATNUM:,2869C
FEDORN:,NA
DESCR1:,
DESCR2:,
DESCR3:,
DESCR4:,
DESCR5:,
DTDATA:,19810812
LOWFRQ:,8200
HGHFRQ:,8500
GUNITS:,DBI/DBR
LWGAIN:,48.7
MDGAIN:,48.8
HGGAIN:,48.9
AZWIDT:,0.60
ELWIDT:,0.60
ATVSWR:,1.06
FRTOBA:,70.0
ELTILT:,0
PATTYP:,ENVELOPE
NOFREQ:,NA
PATFRE:,NA
NUMCUT:,4
PATCUT:,AZ
POLARI:,H/H
NUPOIN:,23
-180.00,-70.00,
-105.50,-70.00,
-100.00,-65.00,
-70.00,-53.00,
-34.70,-49.30,
-15.00,-38.00,
-5.00,-38.00,
-1.50,-20.00,
-1.20,-20.00,
-1.00,-15.00,
-0.50,-1.10,
0.00,0.00,
0.50,-1.10,
1.00,-15.00,
1.20,-20.00,
1.50,-20.00,
5.00,-38.00,
15.00,-38.00,
34.70,-49.30,
70.00,-53.00,
100.00,-65.00,
105.50,-70.00,
180.00,-70.00,
PATCUT:,AZ
POLARI:,H/V
NUPOIN:,21
-180.00,-75.00,
-80.00,-75.00,
-70.00,-65.00,
-39.50,-60.00,
-20.00,-60.00,
-15.00,-55.00,
-12.50,-54.20,
-5.00,-52.00,
-3.50,-48.00,
-1.50,-30.00,
0.00,-30.00,
1.50,-30.00,
3.50,-48.00,
5.00,-52.00,
12.50,-54.20,
15.00,-55.00,
20.00,-60.00,
39.50,-60.00,
70.00,-65.00,
80.00,-75.00,
180.00,-75.00,
PATCUT:,AZ
POLARI:,V/V
NUPOIN:,25
-180.00,-71.00,
-90.00,-71.00,
-80.00,-63.00,
-45.00,-49.00,
-15.00,-41.00,
-11.90,-41.00,
-5.00,-34.00,
-2.40,-25.00,
-1.50,-20.00,
-1.20,-20.00,
-1.00,-15.00,
-0.50,-1.10,
0.00,0.00,
0.50,-1.10,
1.00,-15.00,
1.20,-20.00,
1.50,-20.00,
2.40,-25.00,
5.00,-34.00,
11.90,-41.00,
15.00,-41.00,
45.00,-49.00,
80.00,-63.00,
90.00,-71.00,
180.00,-71.00,
PATCUT:,AZ
POLARI:,V/H
NUPOIN:,21
-180.00,-75.00,
-80.00,-75.00,
-70.00,-65.00,
-39.50,-60.00,
-20.00,-60.00,
-15.00,-55.00,
-12.70,-54.20,
-7.00,-48.00,
-2.50,-40.00,
-1.50,-30.00,
0.00,-30.00,
1.50,-30.00,
2.50,-40.00,
7.00,-48.00,
12.70,-54.20,
15.00,-55.00,
20.00,-60.00,
39.50,-60.00,
70.00,-65.00,
80.00,-75.00,
180.00,-75.00,
ENDFIL:,EOF
