REVNUM:,NSMA WG16.99.050
REVDAT:,19990520
ANTMAN:,ANDREW CORPORATION
MODNUM:,LBX8-82
PATNUM:,4661
FEDORN:,NA
DESCR1:,
DESCR2:,
DESCR3:,
DESCR4:,
DESCR5:,
DTDATA:,20000726
LOWFRQ:,8200
HGHFRQ:,8500
GUNITS:,DBI/DBR
LWGAIN:,43.6
MDGAIN:,43.8
HGGAIN:,43.9
AZWIDT:,1.10
ELWIDT:,1.10
ATVSWR:,1.06
FRTOBA:,60.0
ELTILT:,0
PATTYP:,ENVELOPE
NOFREQ:,NA
PATFRE:,NA
NUMCUT:,4
PATCUT:,AZ
POLARI:,H/H
NUPOIN:,27
-180.00,-60.00,
-125.00,-60.00,
-105.00,-47.00,
-55.00,-47.00,
-30.00,-41.00,
-15.00,-37.00,
-9.00,-32.00,
-9.00,-27.00,
-4.00,-27.00,
-4.00,-21.00,
-1.50,-21.00,
-1.00,-10.00,
-0.60,-2.00,
0.00,0.00,
0.60,-2.00,
1.00,-10.00,
1.50,-21.00,
4.00,-21.00,
4.00,-27.00,
9.00,-27.00,
9.00,-32.00,
15.00,-37.00,
30.00,-41.00,
55.00,-47.00,
105.00,-47.00,
125.00,-60.00,
180.00,-60.00,
PATCUT:,AZ
POLARI:,H/V
NUPOIN:,17
-180.00,-60.00,
-30.00,-60.00,
-15.00,-48.00,
-14.00,-43.00,
-9.00,-43.00,
-9.00,-41.00,
-4.00,-41.00,
-2.00,-33.00,
0.00,-33.00,
2.00,-33.00,
4.00,-41.00,
9.00,-41.00,
9.00,-43.00,
14.00,-43.00,
15.00,-48.00,
30.00,-60.00,
180.00,-60.00,
PATCUT:,AZ
POLARI:,V/V
NUPOIN:,29
-180.00,-60.00,
-125.00,-60.00,
-105.00,-47.00,
-45.00,-47.00,
-25.00,-40.00,
-15.00,-39.00,
-13.00,-35.00,
-9.00,-32.00,
-9.00,-27.00,
-4.00,-27.00,
-4.00,-21.00,
-1.50,-21.00,
-1.00,-10.00,
-0.60,-2.00,
0.00,0.00,
0.60,-2.00,
1.00,-10.00,
1.50,-21.00,
4.00,-21.00,
4.00,-27.00,
9.00,-27.00,
9.00,-32.00,
13.00,-35.00,
15.00,-39.00,
25.00,-40.00,
45.00,-47.00,
105.00,-47.00,
125.00,-60.00,
180.00,-60.00,
PATCUT:,AZ
POLARI:,V/H
NUPOIN:,17
-180.00,-60.00,
-30.00,-60.00,
-15.00,-50.00,
-10.00,-43.00,
-9.00,-43.00,
-9.00,-41.00,
-4.00,-41.00,
-2.00,-33.00,
0.00,-33.00,
2.00,-33.00,
4.00,-41.00,
9.00,-41.00,
9.00,-43.00,
10.00,-43.00,
15.00,-50.00,
30.00,-60.00,
180.00,-60.00,
ENDFIL:,EOF
