REVNUM:,NSMA WG16.99.050
REVDAT:,19990520
ANTMAN:,ANDREW CORPORATION
MODNUM:,HPX8-82
PATNUM:,2863C
FEDORN:,NA
DESCR1:,
DESCR2:,
DESCR3:,
DESCR4:,
DESCR5:,
DTDATA:,19800812
LOWFRQ:,8200
HGHFRQ:,8500
GUNITS:,DBI/DBR
LWGAIN:,43.5
MDGAIN:,43.6
HGGAIN:,43.7
AZWIDT:,1.00
ELWIDT:,1.00
ATVSWR:,1.06
FRTOBA:,67.0
ELTILT:,0
PATTYP:,ENVELOPE
NOFREQ:,NA
PATFRE:,NA
NUMCUT:,4
PATCUT:,AZ
POLARI:,H/H
NUPOIN:,29
-180.00,-67.00,
-119.00,-67.00,
-114.00,-65.00,
-90.50,-65.00,
-80.00,-56.00,
-65.00,-50.00,
-60.50,-48.00,
-30.50,-44.00,
-24.00,-40.00,
-15.00,-34.00,
-5.00,-30.00,
-1.20,-22.30,
-1.00,-10.00,
-0.50,-0.70,
0.00,0.00,
0.50,-0.70,
1.00,-10.00,
1.20,-22.30,
5.00,-30.00,
15.00,-34.00,
24.00,-40.00,
30.50,-44.00,
60.50,-48.00,
65.00,-50.00,
80.00,-56.00,
90.50,-65.00,
114.00,-65.00,
119.00,-67.00,
180.00,-67.00,
PATCUT:,AZ
POLARI:,H/V
NUPOIN:,19
-180.00,-67.00,
-119.00,-67.00,
-114.00,-65.00,
-79.00,-65.00,
-29.00,-49.00,
-15.00,-49.00,
-10.00,-44.00,
-2.50,-44.00,
-1.40,-30.00,
0.00,-30.00,
1.40,-30.00,
2.50,-44.00,
10.00,-44.00,
15.00,-49.00,
29.00,-49.00,
79.00,-65.00,
114.00,-65.00,
119.00,-67.00,
180.00,-67.00,
PATCUT:,AZ
POLARI:,V/V
NUPOIN:,27
-180.00,-67.00,
-119.00,-67.00,
-114.00,-65.00,
-90.50,-65.00,
-80.00,-56.00,
-65.00,-50.00,
-34.50,-47.00,
-24.00,-40.00,
-15.00,-38.00,
-5.00,-30.00,
-1.20,-22.30,
-1.00,-10.00,
-0.50,-0.70,
0.00,0.00,
0.50,-0.70,
1.00,-10.00,
1.20,-22.30,
5.00,-30.00,
15.00,-38.00,
24.00,-40.00,
34.50,-47.00,
65.00,-50.00,
80.00,-56.00,
90.50,-65.00,
114.00,-65.00,
119.00,-67.00,
180.00,-67.00,
PATCUT:,AZ
POLARI:,V/H
NUPOIN:,19
-180.00,-67.00,
-119.00,-67.00,
-114.00,-65.00,
-79.00,-65.00,
-43.00,-53.30,
-15.00,-53.30,
-9.40,-44.00,
-2.50,-44.00,
-1.40,-30.00,
0.00,-30.00,
1.40,-30.00,
2.50,-44.00,
9.40,-44.00,
15.00,-53.30,
43.00,-53.30,
79.00,-65.00,
114.00,-65.00,
119.00,-67.00,
180.00,-67.00,
ENDFIL:,EOF
