REVNUM:,NSMA WG16.99.050
REVDAT:,19990520
ANTMAN:,ANDREW CORPORATION
MODNUM:,HP10-82
PATNUM:,2893C
FEDORN:,NA
DESCR1:,
DESCR2:,
DESCR3:,
DESCR4:,
DESCR5:,
DTDATA:,19790215
LOWFRQ:,8200
HGHFRQ:,8500
GUNITS:,DBI/DBR
LWGAIN:,45.3
MDGAIN:,45.5
HGGAIN:,45.7
AZWIDT:,0.90
ELWIDT:,0.90
ATVSWR:,1.06
FRTOBA:,70.0
ELTILT:,0
PATTYP:,ENVELOPE
NOFREQ:,NA
PATFRE:,NA
NUMCUT:,4
PATCUT:,AZ
POLARI:,H/H
NUPOIN:,25
-180.00,-70.00,
-100.00,-70.00,
-70.00,-49.00,
-40.00,-48.00,
-35.00,-45.00,
-15.00,-43.00,
-11.50,-39.00,
-8.00,-39.00,
-1.80,-25.00,
-1.50,-20.00,
-1.00,-5.00,
-0.50,-1.20,
0.00,0.00,
0.50,-1.20,
1.00,-5.00,
1.50,-20.00,
1.80,-25.00,
8.00,-39.00,
11.50,-39.00,
15.00,-43.00,
35.00,-45.00,
40.00,-48.00,
70.00,-49.00,
100.00,-70.00,
180.00,-70.00,
PATCUT:,AZ
POLARI:,H/V
NUPOIN:,17
-180.00,-75.00,
-100.00,-75.00,
-25.00,-63.00,
-15.00,-63.00,
-15.00,-59.00,
-10.00,-59.00,
-1.60,-45.00,
-1.20,-30.00,
0.00,-30.00,
1.20,-30.00,
1.60,-45.00,
10.00,-59.00,
15.00,-59.00,
15.00,-63.00,
25.00,-63.00,
100.00,-75.00,
180.00,-75.00,
PATCUT:,AZ
POLARI:,V/V
NUPOIN:,25
-180.00,-70.00,
-100.00,-70.00,
-55.00,-51.90,
-36.00,-51.90,
-25.00,-39.90,
-15.00,-39.90,
-9.00,-32.80,
-4.00,-32.80,
-1.80,-25.00,
-1.50,-20.00,
-1.00,-5.00,
-0.50,-1.20,
0.00,0.00,
0.50,-1.20,
1.00,-5.00,
1.50,-20.00,
1.80,-25.00,
4.00,-32.80,
9.00,-32.80,
15.00,-39.90,
25.00,-39.90,
36.00,-51.90,
55.00,-51.90,
100.00,-70.00,
180.00,-70.00,
PATCUT:,AZ
POLARI:,V/H
NUPOIN:,15
-180.00,-75.00,
-100.00,-75.00,
-15.00,-64.00,
-15.00,-59.00,
-10.00,-50.00,
-1.80,-47.80,
-1.20,-30.00,
0.00,-30.00,
1.20,-30.00,
1.80,-47.80,
10.00,-50.00,
15.00,-59.00,
15.00,-64.00,
100.00,-75.00,
180.00,-75.00,
ENDFIL:,EOF
